1.083271980285644531e+00
1.408437848091125488e+00
1.476115226745605469e+00
1.432937979698181152e+00
1.444363355636596680e+00
1.408409357070922852e+00
1.475111484527587891e+00
1.245650529861450195e+00
1.333754062652587891e+00
1.051506638526916504e+00
1.064988493919372559e+00
1.069834947586059570e+00
1.055227279663085938e+00
1.019987702369689941e+00
1.039419174194335938e+00
1.096921324729919434e+00
1.069875240325927734e+00
1.088737010955810547e+00
1.053862810134887695e+00
1.001889705657958984e+00
1.066465139389038086e+00
1.080316901206970215e+00
1.067228078842163086e+00
9.447406530380249023e-01
1.082106947898864746e+00
1.024691581726074219e+00
1.080677270889282227e+00
1.179019212722778320e+00
9.258084297180175781e-01
1.046506166458129883e+00
1.060691833496093750e+00
1.076630115509033203e+00
1.016695261001586914e+00
1.062290191650390625e+00
1.055113792419433594e+00
1.013708114624023438e+00
1.026272058486938477e+00
1.140924572944641113e+00
1.193801641464233398e+00
9.594988822937011719e-01
1.172765493392944336e+00
1.123347163200378418e+00
1.031208515167236328e+00
1.373153924942016602e+00
1.412892580032348633e+00
1.321615815162658691e+00
1.050278544425964355e+00
9.875815510749816895e-01
1.408890843391418457e+00
1.451472640037536621e+00
1.204640388488769531e+00
1.315985321998596191e+00
1.097111821174621582e+00
1.077488064765930176e+00
1.101061820983886719e+00
1.021116733551025391e+00
1.030366659164428711e+00
1.057016372680664062e+00
1.072865486145019531e+00
1.067812919616699219e+00
1.055410623550415039e+00
1.431334495544433594e+00
1.431017637252807617e+00
1.394115567207336426e+00
1.193725824356079102e+00
1.026766657829284668e+00
1.075767993927001953e+00
1.061601161956787109e+00
1.043537139892578125e+00
1.059837222099304199e+00
1.064950227737426758e+00
1.098189830780029297e+00
1.202959299087524414e+00
1.094185113906860352e+00
1.033200740814208984e+00
1.037133693695068359e+00
1.053901433944702148e+00
1.320544600486755371e+00
1.210559487342834473e+00
1.314299821853637695e+00
1.109051823616027832e+00
1.082048654556274414e+00
1.404646754264831543e+00
1.334568023681640625e+00
1.203399300575256348e+00
1.248454570770263672e+00
1.145676136016845703e+00
1.347493529319763184e+00
1.261917829513549805e+00
1.263424873352050781e+00
1.384613037109375000e+00
1.456726670265197754e+00
1.545286536216735840e+00
1.456013560295104980e+00
1.446896791458129883e+00
1.415376305580139160e+00
1.457391619682312012e+00
1.463848352432250977e+00
1.331927299499511719e+00
1.303066730499267578e+00
1.465795397758483887e+00
1.514840960502624512e+00
1.547780990600585938e+00
1.442288398742675781e+00
1.379348874092102051e+00
1.452306032180786133e+00
1.440146446228027344e+00
1.490182399749755859e+00
1.592576146125793457e+00
1.277558684349060059e+00
1.319333553314208984e+00
1.473171949386596680e+00
1.277658820152282715e+00
1.315896153450012207e+00
1.170427322387695312e+00
1.355991005897521973e+00
1.382928490638732910e+00
1.368564963340759277e+00
1.230472564697265625e+00
1.224596738815307617e+00
1.237612485885620117e+00
1.066748142242431641e+00
1.165672779083251953e+00
1.354319691658020020e+00
1.291255712509155273e+00
1.377777814865112305e+00
1.386537432670593262e+00
1.345201969146728516e+00
1.455220937728881836e+00
1.420087814331054688e+00
1.451458454132080078e+00
1.442993640899658203e+00
1.402872562408447266e+00
1.409050941467285156e+00
1.404485583305358887e+00
1.404573202133178711e+00
1.450636863708496094e+00
1.516287207603454590e+00
1.482463121414184570e+00
1.588171839714050293e+00
1.484910845756530762e+00
1.388444304466247559e+00
1.084431171417236328e+00
1.047085165977478027e+00
1.048813581466674805e+00
1.354429960250854492e+00
1.470330476760864258e+00
1.385054111480712891e+00
1.389394640922546387e+00
1.381398439407348633e+00
1.349580287933349609e+00
1.056914806365966797e+00
1.030745387077331543e+00
1.028345227241516113e+00
1.112874031066894531e+00
1.078593015670776367e+00
1.071277022361755371e+00
1.308368802070617676e+00
1.065035820007324219e+00
1.088698625564575195e+00
1.089376688003540039e+00
1.443868041038513184e+00
1.442884802818298340e+00
1.441109418869018555e+00
1.289740681648254395e+00
1.380994200706481934e+00
1.422136664390563965e+00
1.483152508735656738e+00
1.475522160530090332e+00
1.435731053352355957e+00
1.375938415527343750e+00
1.633319020271301270e+00
1.309185743331909180e+00
1.306005716323852539e+00
1.336665749549865723e+00
1.359945654869079590e+00
1.223302960395812988e+00
1.328552365303039551e+00
1.369168043136596680e+00
1.363290905952453613e+00
1.433059930801391602e+00
1.127670764923095703e+00
1.145142316818237305e+00
1.082832694053649902e+00
1.046668767929077148e+00
1.056327342987060547e+00
1.369212865829467773e+00
1.365974664688110352e+00
1.291445255279541016e+00
1.275632381439208984e+00
1.311873674392700195e+00
1.361008286476135254e+00
1.441755533218383789e+00
1.415188670158386230e+00
1.354454994201660156e+00
1.226603269577026367e+00
1.140373468399047852e+00
1.370292901992797852e+00
1.369292378425598145e+00
1.407585859298706055e+00
1.421291589736938477e+00
1.528238296508789062e+00
1.467056632041931152e+00
1.518022775650024414e+00
1.643414497375488281e+00
1.499469041824340820e+00
1.426487803459167480e+00
1.470268249511718750e+00
1.211008191108703613e+00
1.254880428314208984e+00
1.174542069435119629e+00
1.043380260467529297e+00
1.051593780517578125e+00
1.160247564315795898e+00
1.303408384323120117e+00
1.133365392684936523e+00
1.078731536865234375e+00
1.013329863548278809e+00
1.056912660598754883e+00
1.045815467834472656e+00
1.041341304779052734e+00
1.198125600814819336e+00
1.257806420326232910e+00
1.371537327766418457e+00
1.102361917495727539e+00
1.025342345237731934e+00
1.058176159858703613e+00
1.022207140922546387e+00
1.004620552062988281e+00
1.009989738464355469e+00
9.815453886985778809e-01
1.008656144142150879e+00
1.056416749954223633e+00
1.059923052787780762e+00
9.896064400672912598e-01
9.656570553779602051e-01
1.071788668632507324e+00
1.066806793212890625e+00
1.065074682235717773e+00
1.052260279655456543e+00
1.063101887702941895e+00
1.063284397125244141e+00
1.038621425628662109e+00
1.334408521652221680e+00
1.119214534759521484e+00
1.226625204086303711e+00
1.285949110984802246e+00
1.126178741455078125e+00
1.060285925865173340e+00
1.071059942245483398e+00
1.056531429290771484e+00
1.053647279739379883e+00
1.087630987167358398e+00
1.057049512863159180e+00
1.020361185073852539e+00
1.034020662307739258e+00
1.060425162315368652e+00
1.043336749076843262e+00
1.088853359222412109e+00
1.086730599403381348e+00
1.241594076156616211e+00
1.395683646202087402e+00
1.218941688537597656e+00
1.070230484008789062e+00
1.092156767845153809e+00
1.244636774063110352e+00
1.218583941459655762e+00
1.080428361892700195e+00
1.093159198760986328e+00
1.045789837837219238e+00
1.029681444168090820e+00
1.051923632621765137e+00
1.048331022262573242e+00
1.070295453071594238e+00
1.047297000885009766e+00
1.001284837722778320e+00
1.016992330551147461e+00
1.051861286163330078e+00
1.070098638534545898e+00
1.085539817810058594e+00
1.045038223266601562e+00
1.071375608444213867e+00
1.364526510238647461e+00
1.371102571487426758e+00
1.294749259948730469e+00
1.283144474029541016e+00
1.297218084335327148e+00
1.182369232177734375e+00
1.019544839859008789e+00
1.129655480384826660e+00
1.051764249801635742e+00
1.093612909317016602e+00
1.081623077392578125e+00
1.354869604110717773e+00
1.322333455085754395e+00
1.316947102546691895e+00
1.064253330230712891e+00
1.073993206024169922e+00
1.045612215995788574e+00
1.112814426422119141e+00
1.063160896301269531e+00
1.064205527305603027e+00
1.188493371009826660e+00
1.202686548233032227e+00
1.055504560470581055e+00
1.036057710647583008e+00
1.128453016281127930e+00
1.351203441619873047e+00
1.411742925643920898e+00
1.376895666122436523e+00
1.414953470230102539e+00
1.270921587944030762e+00
1.255977630615234375e+00
1.114606857299804688e+00
1.285264968872070312e+00
1.350743651390075684e+00
1.364658594131469727e+00
1.241006851196289062e+00
1.270319819450378418e+00
1.182610988616943359e+00
1.338054418563842773e+00
1.337861776351928711e+00
1.219435214996337891e+00
1.319550395011901855e+00
1.363843441009521484e+00
1.346069693565368652e+00
1.042220830917358398e+00
1.067784786224365234e+00
1.038828372955322266e+00
1.077850103378295898e+00
1.078575968742370605e+00
1.058475971221923828e+00
1.040631294250488281e+00
1.067253112792968750e+00
1.113024711608886719e+00
1.103300929069519043e+00
1.018613696098327637e+00
1.009991407394409180e+00
9.998680353164672852e-01
1.036889195442199707e+00
1.056446075439453125e+00
1.032503366470336914e+00
1.013332128524780273e+00
1.053977012634277344e+00
1.076046466827392578e+00
1.034104943275451660e+00
1.031513452529907227e+00
1.038364291191101074e+00
1.021128654479980469e+00
1.024919748306274414e+00
1.014109134674072266e+00
1.037938833236694336e+00
1.039954185485839844e+00
1.040725231170654297e+00
1.045627832412719727e+00
9.779521226882934570e-01
1.006145238876342773e+00
9.951679110527038574e-01
1.142755627632141113e+00
1.280066847801208496e+00
1.031512856483459473e+00
1.023515462875366211e+00
1.056523919105529785e+00
1.196453571319580078e+00
1.033273935317993164e+00
1.044228196144104004e+00
1.065670728683471680e+00
1.035395026206970215e+00
1.045711278915405273e+00
1.074224472045898438e+00
1.055222034454345703e+00
1.086431384086608887e+00
1.053158760070800781e+00
1.063572406768798828e+00
1.024708628654479980e+00
1.207327604293823242e+00
1.319544553756713867e+00
1.248250246047973633e+00
1.080582499504089355e+00
1.052936077117919922e+00
1.048714399337768555e+00
1.046131014823913574e+00
1.049798965454101562e+00
1.013291358947753906e+00
1.068980216979980469e+00
1.057409763336181641e+00
1.051173686981201172e+00
1.067567348480224609e+00
1.071320056915283203e+00
1.029987335205078125e+00
1.023808240890502930e+00
1.095258712768554688e+00
1.340441942214965820e+00
1.400223016738891602e+00
1.363633871078491211e+00
1.259901523590087891e+00
1.076076149940490723e+00
1.089057564735412598e+00
1.097084760665893555e+00
1.056595087051391602e+00
1.099772095680236816e+00
1.174751996994018555e+00
1.146953225135803223e+00
1.052728295326232910e+00
1.113408446311950684e+00
1.069219350814819336e+00
1.348874926567077637e+00
1.329005479812622070e+00
1.198054432868957520e+00
1.342616438865661621e+00
1.061496973037719727e+00
1.078547954559326172e+00
1.091243028640747070e+00
1.047405481338500977e+00
1.236326932907104492e+00
1.175168752670288086e+00
1.113355517387390137e+00
1.086001873016357422e+00
1.067532539367675781e+00
1.082567930221557617e+00
1.074580788612365723e+00
1.305835723876953125e+00
1.364842057228088379e+00
1.444102644920349121e+00
1.370559215545654297e+00
1.082047939300537109e+00
1.075793862342834473e+00
1.107719540596008301e+00
1.057967901229858398e+00
1.049290895462036133e+00
1.103883743286132812e+00
1.103140592575073242e+00
1.012190818786621094e+00
1.080595254898071289e+00
1.054813265800476074e+00
1.054697751998901367e+00
1.247301816940307617e+00
1.073703765869140625e+00
1.014536857604980469e+00
1.051123023033142090e+00
1.047373056411743164e+00
1.055171012878417969e+00
1.033675312995910645e+00
1.099715352058410645e+00
1.123636484146118164e+00
9.970422983169555664e-01
1.057774782180786133e+00
1.061161994934082031e+00
1.050313830375671387e+00
1.042051196098327637e+00
1.030789613723754883e+00
1.281581282615661621e+00
1.253891348838806152e+00
1.341086149215698242e+00
1.330792784690856934e+00
1.342309951782226562e+00
1.067253351211547852e+00
1.028228044509887695e+00
1.053453564643859863e+00
1.042564272880554199e+00
1.066224098205566406e+00
1.045544147491455078e+00
1.046441316604614258e+00
1.058248996734619141e+00
1.108402848243713379e+00
1.060483813285827637e+00
1.086548447608947754e+00
9.813266992568969727e-01
1.031232476234436035e+00
1.002401947975158691e+00
1.043037533760070801e+00
1.065132141113281250e+00
1.086141347885131836e+00
1.058134794235229492e+00
1.062517046928405762e+00
1.073865771293640137e+00
1.035784006118774414e+00
1.319216251373291016e+00
1.310152173042297363e+00
1.072152137756347656e+00
1.054194688796997070e+00
1.353263974189758301e+00
1.347982645034790039e+00
1.314902663230895996e+00
1.177944779396057129e+00
1.077588915824890137e+00
1.088912725448608398e+00
1.066091060638427734e+00
1.029186248779296875e+00
1.177991509437561035e+00
1.364438652992248535e+00
1.361534118652343750e+00
1.375633358955383301e+00
1.352270841598510742e+00
1.041679620742797852e+00
1.083935618400573730e+00
1.110245466232299805e+00
1.060067415237426758e+00
1.078332185745239258e+00
1.074235320091247559e+00
1.073597431182861328e+00
1.101823568344116211e+00
1.057114601135253906e+00
1.072890877723693848e+00
1.063259601593017578e+00
1.031814098358154297e+00
1.084277153015136719e+00
1.275706410408020020e+00
1.316316366195678711e+00
1.332649588584899902e+00
1.344841122627258301e+00
1.076473832130432129e+00
1.049183130264282227e+00
1.047895193099975586e+00
1.071684360504150391e+00
1.093440055847167969e+00
1.065445661544799805e+00
1.058813810348510742e+00
1.250968933105468750e+00
1.313544631004333496e+00
1.355330824851989746e+00
1.316687822341918945e+00
1.299134016036987305e+00
1.337691426277160645e+00
1.317858815193176270e+00
1.058890223503112793e+00
1.045401573181152344e+00
1.062659740447998047e+00
1.042341947555541992e+00
1.203448891639709473e+00
1.352027654647827148e+00
1.124851703643798828e+00
1.070809483528137207e+00
1.051411747932434082e+00
1.104152917861938477e+00
1.046799898147583008e+00
1.050190567970275879e+00
1.041751861572265625e+00
1.067788600921630859e+00
1.369777917861938477e+00
1.359360694885253906e+00
1.056305527687072754e+00
1.023136138916015625e+00
1.041666030883789062e+00
1.050599575042724609e+00
1.205519914627075195e+00
1.214174866676330566e+00
1.273813247680664062e+00
1.269048452377319336e+00
1.075136780738830566e+00
1.077616930007934570e+00
1.059986352920532227e+00
1.303525686264038086e+00
1.134194970130920410e+00
1.322292566299438477e+00
1.337173223495483398e+00
1.313405752182006836e+00
1.200993537902832031e+00
1.068385362625122070e+00
1.052080512046813965e+00
1.058611392974853516e+00
1.057326316833496094e+00
1.053108572959899902e+00
1.073818922042846680e+00
1.066066741943359375e+00
1.064307689666748047e+00
1.024563312530517578e+00
1.080574154853820801e+00
1.045597553253173828e+00
1.090316772460937500e+00
1.072123169898986816e+00
1.054751038551330566e+00
1.081775546073913574e+00
1.032736182212829590e+00
1.053655505180358887e+00
1.048107266426086426e+00
1.037885427474975586e+00
1.064213037490844727e+00
1.100023150444030762e+00
1.234654903411865234e+00
1.047867059707641602e+00
1.256131768226623535e+00
1.059069871902465820e+00
1.077905416488647461e+00
1.054746031761169434e+00
1.041851282119750977e+00
1.043142795562744141e+00
1.038304090499877930e+00
1.056581616401672363e+00
1.055734634399414062e+00
1.075083255767822266e+00
1.036651253700256348e+00
1.041421175003051758e+00
1.024924516677856445e+00
1.060276985168457031e+00
1.031210660934448242e+00
1.082560658454895020e+00
1.292826890945434570e+00
1.329353928565979004e+00
1.218717694282531738e+00
1.197901368141174316e+00
1.095210313796997070e+00
1.064978837966918945e+00
1.085132598876953125e+00
1.064797401428222656e+00
1.164644718170166016e+00
1.385255575180053711e+00
1.405993700027465820e+00
1.061850309371948242e+00
1.138844609260559082e+00
1.061187624931335449e+00
1.096696615219116211e+00
1.036313652992248535e+00
1.043970108032226562e+00
1.087354660034179688e+00
1.089031934738159180e+00
1.330787777900695801e+00
1.352709412574768066e+00
1.335857868194580078e+00
1.088250160217285156e+00
1.029814958572387695e+00
1.058806657791137695e+00
1.088338136672973633e+00
1.082548856735229492e+00
1.145077824592590332e+00
1.065870046615600586e+00
1.063472986221313477e+00
1.022287130355834961e+00
1.254649162292480469e+00
1.068706989288330078e+00
1.268213629722595215e+00
1.495757579803466797e+00
1.324026107788085938e+00
1.282030463218688965e+00
1.012610197067260742e+00
1.044153928756713867e+00
1.032815575599670410e+00
1.083474993705749512e+00
1.089017987251281738e+00
1.039857864379882812e+00
1.008041143417358398e+00
1.040253400802612305e+00
1.041517734527587891e+00
1.054616332054138184e+00
1.127116918563842773e+00
1.099112987518310547e+00
1.084638833999633789e+00
1.064300894737243652e+00
1.110893607139587402e+00
1.074273228645324707e+00
1.088464975357055664e+00
1.355432987213134766e+00
1.279827594757080078e+00
1.019014120101928711e+00
1.093567252159118652e+00
1.036667585372924805e+00
1.016261100769042969e+00
1.017021536827087402e+00
1.035506486892700195e+00
1.001002073287963867e+00
1.066523313522338867e+00
1.045431494712829590e+00
1.072558879852294922e+00
1.023205637931823730e+00
1.041278600692749023e+00
1.034181356430053711e+00
1.034878015518188477e+00
1.002422690391540527e+00
1.058865308761596680e+00
1.060509204864501953e+00
1.053389191627502441e+00
1.070265173912048340e+00
1.044317483901977539e+00
1.034076571464538574e+00
1.046957015991210938e+00
1.070346951484680176e+00
1.058833360671997070e+00
1.058234691619873047e+00
1.040488243103027344e+00
1.044537305831909180e+00
1.061766147613525391e+00
1.038417339324951172e+00
1.033264160156250000e+00
1.045434951782226562e+00
1.071259856224060059e+00
1.027727842330932617e+00
1.074395298957824707e+00
1.032839536666870117e+00
1.238041877746582031e+00
1.228024244308471680e+00
1.039777159690856934e+00
1.084746360778808594e+00
1.058815240859985352e+00
1.066566944122314453e+00
1.076199173927307129e+00
1.065135002136230469e+00
1.043716669082641602e+00
1.078075885772705078e+00
9.966165423393249512e-01
1.034141302108764648e+00
1.022822856903076172e+00
1.063351869583129883e+00
1.039832830429077148e+00
1.037223100662231445e+00
1.147227883338928223e+00
1.321998596191406250e+00
1.353788375854492188e+00
1.266998410224914551e+00
1.067560911178588867e+00
1.053391098976135254e+00
1.057753324508666992e+00
1.032351970672607422e+00
1.033215165138244629e+00
1.035129308700561523e+00
1.083435058593750000e+00
1.058440923690795898e+00
1.046106100082397461e+00
1.027565836906433105e+00
1.022560596466064453e+00
1.042352437973022461e+00
1.059300422668457031e+00
1.041615009307861328e+00
1.071435213088989258e+00
1.051735162734985352e+00
1.038771271705627441e+00
1.059601306915283203e+00
1.048312425613403320e+00
1.032459497451782227e+00
1.124667406082153320e+00
1.294867396354675293e+00
1.199075460433959961e+00
1.031748771667480469e+00
1.043966174125671387e+00
1.052293539047241211e+00
1.191797494888305664e+00
1.462685704231262207e+00
1.284482836723327637e+00
1.242845773696899414e+00
1.069286346435546875e+00
1.064227104187011719e+00
1.053095340728759766e+00
1.152061223983764648e+00
1.179069995880126953e+00
1.327108860015869141e+00
1.151288747787475586e+00
1.071449756622314453e+00
1.050315260887145996e+00
1.091149568557739258e+00
1.042159318923950195e+00
1.092000365257263184e+00
9.913464784622192383e-01
1.156770586967468262e+00
1.145627379417419434e+00
9.932418465614318848e-01
1.033343315124511719e+00
9.523574709892272949e-01
1.162949562072753906e+00
1.139038443565368652e+00
1.042250156402587891e+00
1.107743740081787109e+00
1.054849863052368164e+00
1.062031269073486328e+00
1.047051191329956055e+00
1.353322863578796387e+00
1.374295711517333984e+00
1.355768203735351562e+00
1.299810886383056641e+00
1.061511158943176270e+00
1.029140710830688477e+00
1.053425908088684082e+00
1.031168580055236816e+00
1.072039604187011719e+00
1.073639392852783203e+00
1.078052282333374023e+00
1.061854362487792969e+00
1.022228956222534180e+00
1.059045791625976562e+00
1.086313009262084961e+00
1.050444602966308594e+00
1.042602539062500000e+00
1.066882610321044922e+00
1.342957973480224609e+00
1.165876030921936035e+00
1.047686338424682617e+00
1.056771755218505859e+00
1.330903530120849609e+00
1.286773204803466797e+00
1.406258821487426758e+00
1.330988764762878418e+00
1.055792331695556641e+00
1.039779901504516602e+00
1.025061130523681641e+00
1.062796115875244141e+00
1.144027113914489746e+00
1.373808503150939941e+00
1.039897918701171875e+00
1.271766066551208496e+00
1.085166692733764648e+00
1.105948448181152344e+00
1.078162193298339844e+00
1.159436702728271484e+00
1.059512376785278320e+00
1.212178230285644531e+00
1.248326659202575684e+00
1.097494244575500488e+00
1.073664426803588867e+00
1.086804389953613281e+00
1.059244394302368164e+00
1.331680893898010254e+00
1.373977541923522949e+00
1.423535823822021484e+00
1.386501312255859375e+00
1.178849339485168457e+00
1.077778100967407227e+00
1.067397117614746094e+00
1.058461546897888184e+00
1.079653739929199219e+00
1.090505480766296387e+00
1.060506463050842285e+00
1.072398781776428223e+00
1.040370941162109375e+00
1.038140177726745605e+00
1.047834873199462891e+00
1.057110548019409180e+00
1.066688537597656250e+00
1.104561090469360352e+00
1.313581705093383789e+00
1.354254961013793945e+00
1.077297687530517578e+00
1.050541043281555176e+00
1.064146399497985840e+00
1.043685197830200195e+00
1.016370534896850586e+00
1.051924943923950195e+00
1.053171396255493164e+00
1.072961211204528809e+00
1.062765598297119141e+00
1.039469242095947266e+00
1.089939355850219727e+00
1.022886037826538086e+00
1.000719070434570312e+00
1.047528028488159180e+00
1.027069568634033203e+00
1.093759775161743164e+00
1.045351266860961914e+00
1.221192955970764160e+00
1.040443420410156250e+00
1.065786123275756836e+00
1.059233784675598145e+00
1.308619976043701172e+00
1.286726117134094238e+00
1.067978978157043457e+00
1.038657426834106445e+00
1.077389836311340332e+00
1.086990475654602051e+00
1.088803291320800781e+00
1.060356378555297852e+00
1.054381847381591797e+00
1.074588179588317871e+00
1.052324891090393066e+00
1.055566072463989258e+00
1.048142194747924805e+00
1.042356848716735840e+00
1.295678019523620605e+00
1.316354155540466309e+00
1.256885528564453125e+00
1.299909234046936035e+00
1.021513223648071289e+00
1.054896116256713867e+00
1.060623884201049805e+00
1.088271737098693848e+00
1.050197601318359375e+00
1.080417394638061523e+00
1.057479143142700195e+00
1.080801725387573242e+00
1.039836645126342773e+00
1.047616004943847656e+00
1.064218759536743164e+00
1.050473690032958984e+00
1.104853630065917969e+00
1.381212353706359863e+00
1.414699673652648926e+00
1.363563179969787598e+00
1.081292033195495605e+00
1.061888456344604492e+00
1.043354392051696777e+00
1.080183506011962891e+00
1.262764692306518555e+00
1.249285340309143066e+00
1.039080023765563965e+00
1.076396822929382324e+00
1.060203075408935547e+00
1.061002492904663086e+00
1.182312607765197754e+00
1.300867557525634766e+00
1.031070709228515625e+00
1.050320625305175781e+00
1.071847319602966309e+00
1.063407540321350098e+00
1.223464369773864746e+00
1.439030170440673828e+00
1.267160296440124512e+00
1.163939237594604492e+00
1.021661758422851562e+00
1.027141809463500977e+00
1.005517482757568359e+00
1.088965296745300293e+00
1.028481960296630859e+00
1.019067287445068359e+00
1.057405114173889160e+00
1.096112966537475586e+00
1.073839187622070312e+00
1.010996103286743164e+00
9.584677219390869141e-01
1.003993511199951172e+00
1.037421464920043945e+00
1.057573556900024414e+00
1.006587147712707520e+00
1.026548385620117188e+00
1.096722245216369629e+00
1.004957914352416992e+00
1.060964345932006836e+00
1.052181959152221680e+00
1.087729930877685547e+00
1.064055681228637695e+00
1.088536977767944336e+00
1.062221765518188477e+00
1.075376152992248535e+00
1.039906978607177734e+00
1.252518415451049805e+00
1.051989316940307617e+00
1.036414861679077148e+00
1.010315656661987305e+00
1.094435214996337891e+00
1.044527411460876465e+00
1.055634498596191406e+00
1.102391242980957031e+00
1.079735279083251953e+00
1.065058231353759766e+00
1.066722512245178223e+00
1.055620074272155762e+00
1.310689210891723633e+00
1.161530733108520508e+00
1.065779209136962891e+00
1.061964035034179688e+00
1.031826019287109375e+00
1.315307855606079102e+00
1.410298943519592285e+00
1.352121710777282715e+00
1.129671573638916016e+00
1.075630187988281250e+00
1.058231353759765625e+00
1.077558875083923340e+00
1.196941494941711426e+00
1.233820796012878418e+00
1.302017450332641602e+00
1.355908513069152832e+00
1.065668344497680664e+00
1.058604598045349121e+00
1.069841146469116211e+00
1.060408353805541992e+00
1.204886078834533691e+00
1.091493964195251465e+00
1.239828467369079590e+00
1.219881534576416016e+00
1.095860123634338379e+00
1.072437644004821777e+00
1.078608036041259766e+00
1.054408431053161621e+00
1.171384572982788086e+00
1.445726752281188965e+00
1.336016416549682617e+00
1.306715130805969238e+00
1.309354543685913086e+00
1.086232900619506836e+00
1.049597024917602539e+00
1.033880710601806641e+00
1.059741735458374023e+00
1.056238293647766113e+00
1.072903156280517578e+00
1.065648794174194336e+00
1.049764990806579590e+00
1.083920359611511230e+00
1.037863612174987793e+00
1.089022159576416016e+00
1.033624410629272461e+00
1.043079614639282227e+00
1.050077080726623535e+00
1.153610587120056152e+00
1.355167269706726074e+00
1.338040351867675781e+00
1.354382038116455078e+00
1.188677549362182617e+00
1.106260776519775391e+00
1.079155564308166504e+00
1.027766346931457520e+00
1.132782816886901855e+00
1.375823974609375000e+00
1.087298154830932617e+00
1.129880666732788086e+00
1.045683622360229492e+00
1.088293075561523438e+00
1.161671996116638184e+00
1.205669760704040527e+00
1.195661067962646484e+00
1.072189807891845703e+00
1.037538886070251465e+00
1.242268800735473633e+00
1.106469988822937012e+00
1.084872603416442871e+00
1.061175227165222168e+00
1.057791113853454590e+00
1.054505825042724609e+00
1.014073371887207031e+00
1.170969128608703613e+00
1.214740872383117676e+00
1.328307628631591797e+00
1.332143664360046387e+00
1.339464068412780762e+00
1.070488929748535156e+00
1.078000068664550781e+00
1.077353000640869141e+00
1.079087257385253906e+00
1.054677009582519531e+00
1.049140691757202148e+00
1.072020888328552246e+00
1.019630908966064453e+00
1.095216870307922363e+00
1.039671659469604492e+00
1.080859541893005371e+00
1.127811312675476074e+00
1.047697544097900391e+00
1.058456778526306152e+00
1.103210806846618652e+00
1.149879455566406250e+00
1.091283440589904785e+00
1.093009710311889648e+00
1.098397970199584961e+00
1.104257702827453613e+00
1.058842182159423828e+00
1.076471328735351562e+00
1.096266746520996094e+00
1.107288599014282227e+00
1.089144110679626465e+00
1.090099692344665527e+00
1.070515394210815430e+00
1.089978456497192383e+00
1.026089191436767578e+00
1.086628913879394531e+00
1.094262123107910156e+00
1.105959415435791016e+00
1.373552680015563965e+00
1.336116552352905273e+00
1.302611112594604492e+00
1.257007479667663574e+00
1.114241361618041992e+00
1.012262821197509766e+00
1.055616974830627441e+00
1.086451292037963867e+00
1.099557518959045410e+00
1.058840513229370117e+00
1.105023026466369629e+00
1.065738797187805176e+00
1.084216117858886719e+00
1.061434268951416016e+00
1.062116622924804688e+00
1.067112684249877930e+00
1.212285876274108887e+00
1.138363718986511230e+00
1.326970458030700684e+00
1.295692920684814453e+00
9.677292108535766602e-01
8.510305881500244141e-01
1.163170814514160156e+00
1.164275169372558594e+00
1.142247200012207031e+00
1.077360153198242188e+00
1.052620887756347656e+00
1.004365682601928711e+00
1.089355826377868652e+00
9.964880347251892090e-01
1.075078487396240234e+00
9.520651102066040039e-01
1.076081871986389160e+00
1.011084556579589844e+00
9.954496622085571289e-01
9.553272128105163574e-01
9.075210690498352051e-01
1.048203229904174805e+00
9.805619120597839355e-01
8.803774118423461914e-01
1.205812454223632812e+00
1.374226808547973633e+00
1.389103174209594727e+00
1.580504775047302246e+00
1.359879255294799805e+00
1.056384921073913574e+00
1.011602640151977539e+00
1.049410223960876465e+00
1.073254823684692383e+00
1.081491112709045410e+00
1.290599465370178223e+00
1.524468421936035156e+00
1.301876783370971680e+00
1.268247127532958984e+00
1.329810619354248047e+00
1.037320017814636230e+00
1.055687785148620605e+00
1.082153320312500000e+00
1.032058954238891602e+00
1.056282639503479004e+00
1.085402488708496094e+00
1.050053596496582031e+00
1.056314229965209961e+00
1.074620962142944336e+00
1.076006889343261719e+00
1.033956050872802734e+00
1.050609350204467773e+00
1.055579900741577148e+00
1.150197386741638184e+00
1.214804649353027344e+00
1.259801149368286133e+00
1.373463153839111328e+00
1.384506583213806152e+00
1.275177955627441406e+00
1.081727027893066406e+00
1.057981491088867188e+00
1.038653492927551270e+00
1.070654630661010742e+00
1.058030486106872559e+00
1.062521696090698242e+00
1.064924716949462891e+00
1.064683437347412109e+00
1.108664035797119141e+00
1.046877622604370117e+00
1.064798951148986816e+00
1.059808731079101562e+00
1.038244843482971191e+00
1.061710119247436523e+00
1.019022464752197266e+00
1.238515496253967285e+00
1.179592490196228027e+00
1.069811463356018066e+00
1.082273244857788086e+00
1.072931766510009766e+00
1.084445953369140625e+00
1.071342229843139648e+00
1.070963144302368164e+00
1.067904829978942871e+00
1.059425592422485352e+00
1.096029520034790039e+00
1.079403877258300781e+00
1.051020383834838867e+00
1.049701452255249023e+00
1.052502393722534180e+00
1.074211239814758301e+00
1.035075426101684570e+00
1.051231026649475098e+00
1.010600447654724121e+00
1.085578918457031250e+00
1.069869995117187500e+00
1.053686380386352539e+00
1.108435869216918945e+00
1.093791484832763672e+00
1.100679993629455566e+00
1.055201530456542969e+00
1.058144807815551758e+00
1.213610172271728516e+00
1.310260653495788574e+00
1.289839029312133789e+00
1.125808000564575195e+00
1.046806931495666504e+00
1.071778535842895508e+00
1.015417575836181641e+00
1.051291942596435547e+00
1.062222361564636230e+00
1.037927150726318359e+00
1.106821060180664062e+00
1.106091260910034180e+00
1.026388406753540039e+00
1.049720287322998047e+00
1.050602436065673828e+00
1.053344011306762695e+00
1.038290977478027344e+00
1.062316656112670898e+00
1.352429151535034180e+00
1.214249372482299805e+00
1.372620344161987305e+00
1.381602883338928223e+00
1.292166233062744141e+00
1.278109908103942871e+00
1.030742406845092773e+00
1.080635666847229004e+00
1.041837453842163086e+00
9.981612563133239746e-01
1.097299695014953613e+00
1.147794365882873535e+00
1.359480500221252441e+00
9.769585132598876953e-01
1.274349451065063477e+00
1.119637608528137207e+00
1.050523281097412109e+00
1.211580514907836914e+00
1.192447185516357422e+00
1.246018648147583008e+00
9.772577285766601562e-01
9.669250845909118652e-01
1.089117407798767090e+00
1.054771780967712402e+00
1.197819709777832031e+00
1.170592546463012695e+00
1.396402001380920410e+00
1.279051661491394043e+00
1.091111540794372559e+00
9.510527253150939941e-01
1.120481371879577637e+00
1.095615863800048828e+00
9.941203594207763672e-01
1.105712294578552246e+00
1.005295634269714355e+00
1.107446551322937012e+00
9.649715423583984375e-01
9.680521488189697266e-01
8.901900053024291992e-01
1.143615603446960449e+00
1.089009046554565430e+00
1.099707126617431641e+00
1.038273215293884277e+00
1.063239097595214844e+00
1.272616386413574219e+00
1.258731126785278320e+00
1.266266822814941406e+00
1.299037456512451172e+00
1.023783445358276367e+00
1.080726027488708496e+00
9.619377255439758301e-01
1.037436366081237793e+00
1.092320799827575684e+00
1.167286753654479980e+00
9.821739196777343750e-01
1.062055468559265137e+00
1.092418432235717773e+00
1.027945518493652344e+00
9.023422598838806152e-01
1.074200868606567383e+00
1.008540630340576172e+00
9.054844379425048828e-01
1.056408405303955078e+00
1.060431718826293945e+00
1.111616611480712891e+00
1.105259895324707031e+00
1.145294308662414551e+00
1.100920677185058594e+00
1.072935819625854492e+00
1.014115452766418457e+00
1.058322429656982422e+00
1.168381929397583008e+00
1.349740266799926758e+00
9.823827743530273438e-01
1.216282844543457031e+00
1.077463030815124512e+00
1.016377210617065430e+00
1.106050014495849609e+00
1.125564575195312500e+00
1.105944514274597168e+00
1.106404185295104980e+00
1.038393259048461914e+00
1.076522588729858398e+00
9.492416977882385254e-01
1.023988723754882812e+00
1.081161975860595703e+00
1.059366822242736816e+00
1.058817863464355469e+00
1.058558940887451172e+00
1.045093894004821777e+00
1.078719973564147949e+00
1.068937063217163086e+00
1.244490265846252441e+00
1.400123357772827148e+00
1.563781261444091797e+00
1.322919130325317383e+00
1.319096326828002930e+00
1.011750578880310059e+00
1.078164696693420410e+00
1.100459098815917969e+00
1.253746032714843750e+00
1.384776711463928223e+00
1.403588056564331055e+00
1.344472885131835938e+00
1.052644610404968262e+00
1.030282974243164062e+00
1.143388986587524414e+00
1.244133949279785156e+00
1.083860993385314941e+00
1.056264162063598633e+00
1.070814847946166992e+00
1.237156033515930176e+00
1.084329962730407715e+00
1.132071375846862793e+00
1.070857048034667969e+00
1.057980179786682129e+00
1.024093985557556152e+00
1.364940643310546875e+00
1.229945421218872070e+00
1.038840413093566895e+00
1.039765596389770508e+00
1.060458183288574219e+00
1.019055366516113281e+00
1.256101608276367188e+00
1.249140381813049316e+00
1.041060447692871094e+00
1.041432857513427734e+00
1.058617115020751953e+00
1.205841541290283203e+00
1.071569681167602539e+00
1.336616635322570801e+00
1.283958435058593750e+00
9.944659471511840820e-01
1.081580758094787598e+00
1.129516363143920898e+00
1.180666565895080566e+00
1.098126769065856934e+00
1.259449481964111328e+00
1.033232688903808594e+00
1.041096210479736328e+00
1.073012113571166992e+00
1.077879190444946289e+00
1.225077152252197266e+00
1.247406005859375000e+00
8.640837669372558594e-01
1.062557220458984375e+00
1.066248059272766113e+00
9.179112911224365234e-01
1.213674187660217285e+00
1.504455804824829102e+00
1.307672500610351562e+00
1.259997725486755371e+00
1.334814548492431641e+00
1.001956224441528320e+00
9.848892092704772949e-01
9.490852952003479004e-01
1.085689067840576172e+00
1.070858478546142578e+00
1.025773167610168457e+00
9.770571589469909668e-01
1.104564070701599121e+00
1.084129929542541504e+00
1.112844944000244141e+00
1.109375596046447754e+00
1.138573646545410156e+00
1.080886602401733398e+00
1.100368499755859375e+00
1.047785639762878418e+00
1.044538021087646484e+00
1.044224262237548828e+00
1.226474761962890625e+00
1.405583024024963379e+00
1.489475250244140625e+00
1.327722549438476562e+00
1.231230258941650391e+00
9.445021152496337891e-01
1.061434268951416016e+00
1.077153921127319336e+00
1.107806801795959473e+00
1.087377667427062988e+00
1.245285987854003906e+00
1.282857060432434082e+00
1.414917945861816406e+00
1.317810773849487305e+00
1.217167258262634277e+00
1.094867587089538574e+00
1.104293584823608398e+00
1.068903684616088867e+00
1.050421476364135742e+00
1.061342000961303711e+00
1.232723474502563477e+00
1.096438050270080566e+00
1.350138425827026367e+00
1.091327309608459473e+00
9.786938428878784180e-01
1.033900022506713867e+00
1.027709007263183594e+00
1.080298781394958496e+00
1.153725981712341309e+00
1.048587322235107422e+00
1.112846732139587402e+00
8.609020113945007324e-01
1.289286613464355469e+00
1.310464382171630859e+00
1.390925765037536621e+00
1.337667584419250488e+00
1.073877692222595215e+00
1.083154916763305664e+00
1.051688194274902344e+00
1.078662157058715820e+00
1.042820930480957031e+00
1.107420802116394043e+00
1.045104265213012695e+00
1.073903441429138184e+00
9.556407332420349121e-01
9.413296580314636230e-01
9.767798781394958496e-01
9.906911849975585938e-01
1.036090493202209473e+00
1.028182268142700195e+00
1.021595597267150879e+00
1.225289106369018555e+00
1.326221704483032227e+00
1.225335597991943359e+00
1.015498161315917969e+00
1.137242674827575684e+00
1.110960125923156738e+00
1.079668641090393066e+00
1.036329269409179688e+00
1.073872089385986328e+00
1.142812728881835938e+00
1.044350981712341309e+00
1.020938158035278320e+00
1.064417362213134766e+00
1.064923763275146484e+00
1.143951416015625000e+00
1.046390771865844727e+00
1.266168594360351562e+00
1.121529340744018555e+00
9.252084493637084961e-01
1.020244836807250977e+00
1.044877767562866211e+00
9.477341175079345703e-01
9.174642562866210938e-01
9.718232750892639160e-01
1.091611385345458984e+00
1.123313426971435547e+00
1.143135309219360352e+00
9.602854251861572266e-01
1.006627559661865234e+00
1.199613690376281738e+00
1.087835550308227539e+00
1.174886584281921387e+00
9.949371218681335449e-01
1.102358102798461914e+00
1.093372106552124023e+00
1.077491164207458496e+00
1.108135223388671875e+00
1.083446979522705078e+00
1.071595311164855957e+00
1.129981994628906250e+00
1.122660636901855469e+00
1.073429942131042480e+00
1.111124277114868164e+00
1.108483791351318359e+00
9.867720603942871094e-01
9.529055356979370117e-01
1.302698969841003418e+00
1.180494666099548340e+00
1.318967938423156738e+00
1.373019456863403320e+00
1.368605494499206543e+00
1.351390838623046875e+00
9.806911349296569824e-01
1.250659346580505371e+00
1.097142100334167480e+00
1.082549452781677246e+00
1.015697717666625977e+00
1.066359996795654297e+00
1.039638400077819824e+00
1.128483772277832031e+00
1.136175155639648438e+00
1.089552283287048340e+00
1.040081262588500977e+00
1.114678740501403809e+00
1.129524588584899902e+00
1.088544607162475586e+00
1.212408423423767090e+00
1.285032510757446289e+00
1.614175677299499512e+00
1.286142587661743164e+00
1.228268146514892578e+00
1.078757405281066895e+00
1.109533309936523438e+00
1.099531531333923340e+00
1.244736671447753906e+00
1.054560065269470215e+00
1.179301261901855469e+00
1.110109090805053711e+00
1.066914319992065430e+00
1.235793232917785645e+00
1.049953222274780273e+00
1.280429601669311523e+00
1.355631947517395020e+00
1.328102231025695801e+00
1.317665100097656250e+00
1.074404478073120117e+00
1.145540714263916016e+00
1.094345688819885254e+00
1.164909124374389648e+00
1.327200889587402344e+00
1.444710612297058105e+00
1.365878105163574219e+00
1.279155969619750977e+00
1.029072403907775879e+00
1.045664668083190918e+00
1.050626277923583984e+00
1.063255548477172852e+00
1.036469221115112305e+00
1.052816748619079590e+00
1.048825025558471680e+00
1.089229583740234375e+00
1.075663685798645020e+00
1.108613848686218262e+00
1.087570428848266602e+00
1.062355875968933105e+00
1.083096861839294434e+00
1.084671735763549805e+00
1.070078849792480469e+00
1.045741319656372070e+00
1.050722837448120117e+00
1.247267484664916992e+00
1.297092080116271973e+00
1.370308399200439453e+00
1.095403432846069336e+00
1.052277207374572754e+00
1.096503257751464844e+00
1.053805470466613770e+00
1.094023585319519043e+00
1.075535535812377930e+00
1.137098908424377441e+00
1.068691968917846680e+00
1.060325264930725098e+00
1.105975985527038574e+00
1.089282989501953125e+00
1.049514770507812500e+00
1.058393239974975586e+00
1.030111551284790039e+00
1.220730185508728027e+00
1.043110370635986328e+00
1.079371333122253418e+00
1.060989260673522949e+00
1.067293405532836914e+00
1.073418736457824707e+00
1.078653573989868164e+00
1.057444810867309570e+00
1.064368247985839844e+00
1.079382181167602539e+00
1.130843281745910645e+00
1.020907878875732422e+00
1.108034610748291016e+00
1.112786769866943359e+00
1.092790842056274414e+00
1.014577627182006836e+00
1.286017179489135742e+00
1.353996515274047852e+00
1.382833361625671387e+00
1.276523351669311523e+00
1.344197869300842285e+00
9.789753556251525879e-01
1.067742347717285156e+00
1.033778905868530273e+00
1.080961227416992188e+00
9.882388114929199219e-01
9.495658278465270996e-01
7.768486142158508301e-01
1.075114965438842773e+00
1.044844388961791992e+00
9.528803229331970215e-01
1.098586559295654297e+00
1.109645128250122070e+00
1.131131887435913086e+00
1.078016519546508789e+00
1.327908277511596680e+00
1.242518901824951172e+00
1.206581354141235352e+00
1.312990665435791016e+00
1.041222929954528809e+00
1.115151286125183105e+00
1.078025102615356445e+00
1.130421638488769531e+00
9.745151400566101074e-01
9.447723627090454102e-01
1.050981998443603516e+00
9.894256591796875000e-01
1.112793803215026855e+00
1.031095981597900391e+00
9.876998066902160645e-01
9.973156452178955078e-01
1.073990345001220703e+00
1.025449275970458984e+00
9.450263977050781250e-01
9.612422585487365723e-01
9.602347612380981445e-01
9.828436970710754395e-01
9.730644226074218750e-01
1.036058425903320312e+00
1.017619013786315918e+00
9.894173145294189453e-01
1.223481297492980957e+00
1.305516004562377930e+00
1.473601818084716797e+00
1.232324361801147461e+00
1.068872451782226562e+00
1.108833074569702148e+00
1.120973467826843262e+00
1.105643033981323242e+00
9.666996002197265625e-01
1.331466794013977051e+00
1.117663621902465820e+00
1.018470764160156250e+00
1.086629509925842285e+00
1.104555487632751465e+00
1.170255184173583984e+00
1.208135485649108887e+00
1.287355542182922363e+00
1.504151821136474609e+00
1.344713687896728516e+00
1.278872489929199219e+00
1.245818734169006348e+00
1.034703969955444336e+00
1.071511507034301758e+00
1.040974378585815430e+00
1.068285942077636719e+00
1.059702157974243164e+00
1.027959108352661133e+00
1.071225523948669434e+00
1.084056138992309570e+00
8.893521428108215332e-01
1.057592391967773438e+00
1.126153469085693359e+00
1.140662431716918945e+00
1.124350070953369141e+00
1.203023910522460938e+00
1.092135548591613770e+00
1.061389446258544922e+00
1.110062360763549805e+00
1.063225507736206055e+00
1.050029993057250977e+00
1.069753408432006836e+00
1.122393250465393066e+00
1.092134237289428711e+00
1.128354191780090332e+00
1.075357317924499512e+00
1.035728454589843750e+00
1.070757150650024414e+00
1.108587145805358887e+00
1.090697288513183594e+00
1.065403699874877930e+00
1.033036947250366211e+00
1.093475699424743652e+00
1.022736787796020508e+00
1.099831700325012207e+00
9.693055152893066406e-01
9.873085618019104004e-01
1.086772084236145020e+00
1.070042371749877930e+00
1.075868844985961914e+00
1.111504197120666504e+00
1.096888661384582520e+00
1.080638289451599121e+00
1.033560037612915039e+00
1.043076872825622559e+00
1.049897313117980957e+00
1.060910701751708984e+00
1.360540390014648438e+00
1.332018613815307617e+00
1.384210228919982910e+00
1.151318073272705078e+00
1.089133262634277344e+00
1.243002891540527344e+00
1.078022241592407227e+00
1.123180389404296875e+00
1.104104280471801758e+00
1.152584910392761230e+00
1.219079971313476562e+00
1.291484832763671875e+00
1.091480970382690430e+00
1.077706575393676758e+00
1.031811475753784180e+00
1.059129953384399414e+00
1.216417908668518066e+00
1.392856121063232422e+00
1.291208863258361816e+00
1.238156795501708984e+00
1.127360820770263672e+00
1.058274984359741211e+00
1.071689605712890625e+00
1.320770978927612305e+00
1.348930597305297852e+00
1.307285785675048828e+00
1.137003779411315918e+00
1.057572364807128906e+00
1.119733929634094238e+00
1.055724382400512695e+00
1.064565658569335938e+00
1.098498940467834473e+00
1.082309961318969727e+00
1.048351407051086426e+00
1.235617280006408691e+00
1.341394543647766113e+00
1.334661960601806641e+00
1.039833784103393555e+00
1.080327987670898438e+00
1.064630031585693359e+00
1.086765408515930176e+00
3.482114374637603760e-01
1.078109145164489746e+00
1.060235977172851562e+00
1.077875256538391113e+00
1.120705842971801758e+00
1.115496754646301270e+00
1.307146310806274414e+00
1.394875645637512207e+00
1.418440222740173340e+00
1.387515187263488770e+00
1.462590217590332031e+00
1.378587722778320312e+00
1.325971841812133789e+00
1.286562681198120117e+00
1.053031206130981445e+00
9.129768610000610352e-01
1.074291229248046875e+00
1.067934751510620117e+00
1.179518222808837891e+00
1.142790675163269043e+00
1.182047128677368164e+00
1.387742877006530762e+00
1.468837738037109375e+00
1.339676856994628906e+00
1.189879655838012695e+00
1.464188694953918457e+00
1.439711093902587891e+00
1.405062913894653320e+00
1.383854031562805176e+00
1.274589061737060547e+00
1.459092736244201660e+00
1.394281625747680664e+00
1.496726155281066895e+00
1.471388816833496094e+00
1.437031388282775879e+00
1.497763156890869141e+00
1.447950601577758789e+00
1.384487509727478027e+00
1.485660672187805176e+00
1.455276608467102051e+00
1.592885613441467285e+00
1.490582466125488281e+00
1.499578714370727539e+00
1.441576957702636719e+00
1.403691530227661133e+00
1.533678054809570312e+00
1.603103756904602051e+00
1.553889870643615723e+00
1.326176166534423828e+00
1.373532652854919434e+00
1.302031993865966797e+00
1.257737636566162109e+00
1.243243098258972168e+00
1.308621525764465332e+00
1.364151835441589355e+00
1.475646734237670898e+00
1.426658153533935547e+00
1.562197208404541016e+00
1.289562106132507324e+00
1.165891647338867188e+00
1.135028362274169922e+00
1.084190607070922852e+00
1.069943666458129883e+00
1.093477368354797363e+00
1.069447040557861328e+00
1.086843132972717285e+00
1.030260086059570312e+00
1.144192934036254883e+00
1.115049600601196289e+00
1.104365110397338867e+00
1.109675526618957520e+00
1.071874380111694336e+00
1.077231168746948242e+00
1.019688606262207031e+00
1.228383302688598633e+00
1.151681542396545410e+00
1.296950101852416992e+00
1.352315664291381836e+00
1.457564711570739746e+00
1.270807027816772461e+00
1.301161527633666992e+00
1.081461191177368164e+00
1.071249008178710938e+00
8.913614153861999512e-01
8.980281352996826172e-01
8.306620121002197266e-01
1.131033539772033691e+00
1.144585609436035156e+00
1.106767177581787109e+00
1.118505239486694336e+00
1.109974503517150879e+00
1.066185951232910156e+00
1.082149624824523926e+00
1.028893947601318359e+00
1.100872993469238281e+00
1.213606834411621094e+00
1.283875823020935059e+00
1.195030927658081055e+00
1.206892013549804688e+00
1.340780019760131836e+00
1.370312213897705078e+00
1.391073584556579590e+00
1.405903935432434082e+00
1.362950801849365234e+00
1.443426012992858887e+00
1.336854815483093262e+00
1.226048946380615234e+00
1.101060628890991211e+00
1.126241683959960938e+00
1.228818416595458984e+00
1.292578220367431641e+00
1.369515895843505859e+00
1.309493422508239746e+00
1.348080158233642578e+00
1.247532486915588379e+00
1.329068660736083984e+00
1.431557536125183105e+00
1.448010325431823730e+00
1.394932746887207031e+00
1.346458435058593750e+00
1.460775971412658691e+00
1.396021246910095215e+00
1.265073180198669434e+00
1.441639661788940430e+00
1.450476408004760742e+00
1.466501593589782715e+00
1.455013394355773926e+00
1.456339716911315918e+00
1.379221677780151367e+00
1.396460294723510742e+00
1.306099891662597656e+00
1.192356109619140625e+00
1.209434509277343750e+00
1.152044296264648438e+00
1.131024003028869629e+00
1.098788142204284668e+00
1.161153554916381836e+00
1.109257698059082031e+00
1.053725719451904297e+00
1.089488983154296875e+00
1.119180083274841309e+00
1.244395971298217773e+00
1.176273941993713379e+00
1.265227437019348145e+00
1.167306780815124512e+00
1.094353318214416504e+00
1.416819691658020020e+00
1.237079024314880371e+00
1.415311098098754883e+00
1.402978420257568359e+00
1.359273195266723633e+00
1.026332259178161621e+00
1.433937788009643555e+00
1.102048993110656738e+00
1.138842463493347168e+00
1.180798053741455078e+00
1.121315956115722656e+00
1.472834229469299316e+00
1.386370778083801270e+00
1.448018789291381836e+00
1.317670345306396484e+00
1.410258412361145020e+00
1.225540518760681152e+00
1.439622640609741211e+00
1.255959391593933105e+00
1.148302555084228516e+00
1.298052906990051270e+00
1.315691351890563965e+00
1.136755108833312988e+00
1.179448843002319336e+00
1.117842316627502441e+00
1.140902280807495117e+00
1.043887376785278320e+00
8.717143535614013672e-01
8.275077939033508301e-01
1.324707508087158203e+00
1.095860242843627930e+00
1.136590361595153809e+00
1.625907659530639648e+00
1.608996748924255371e+00
1.387184262275695801e+00
1.486191511154174805e+00
1.573664665222167969e+00
1.352825999259948730e+00
1.263002038002014160e+00
1.301475524902343750e+00
1.308706521987915039e+00
1.351297616958618164e+00
1.091480135917663574e+00
1.188332319259643555e+00
1.222947359085083008e+00
1.444985628128051758e+00
1.292055249214172363e+00
1.468706846237182617e+00
1.296357750892639160e+00
1.101228237152099609e+00
1.025224208831787109e+00
1.060451984405517578e+00
1.102318048477172852e+00
1.058092117309570312e+00
1.146513700485229492e+00
1.117624998092651367e+00
1.152436017990112305e+00
1.054167509078979492e+00
1.140320062637329102e+00
1.057821631431579590e+00
1.056222558021545410e+00
1.066910266876220703e+00
1.081436514854431152e+00
1.080925703048706055e+00
1.073571920394897461e+00
1.065695762634277344e+00
1.044165134429931641e+00
1.048311948776245117e+00
1.083424329757690430e+00
1.111378431320190430e+00
1.093529701232910156e+00
1.094350934028625488e+00
1.110251903533935547e+00
1.250462174415588379e+00
1.134255528450012207e+00
1.098170757293701172e+00
1.067410349845886230e+00
1.084642291069030762e+00
1.088987469673156738e+00
1.098625659942626953e+00
1.071265101432800293e+00
1.091188430786132812e+00
1.029557108879089355e+00
1.068350315093994141e+00
1.060327529907226562e+00
1.083699226379394531e+00
1.298267602920532227e+00
1.359892725944519043e+00
1.605402231216430664e+00
1.525773882865905762e+00
1.433656692504882812e+00
1.335424184799194336e+00
1.334861755371093750e+00
1.225969314575195312e+00
1.156231641769409180e+00
1.179710865020751953e+00
1.222047686576843262e+00
1.230575561523437500e+00
1.456775307655334473e+00
1.419688701629638672e+00
1.423196315765380859e+00
1.348590493202209473e+00
1.415966272354125977e+00
1.363765120506286621e+00
1.309723973274230957e+00
1.341115593910217285e+00
1.350692629814147949e+00
1.379980802536010742e+00
1.413011550903320312e+00
1.425417900085449219e+00
1.464622139930725098e+00
1.485319972038269043e+00
1.383226275444030762e+00
1.457970142364501953e+00
1.426953315734863281e+00
1.388445258140563965e+00
1.297149181365966797e+00
1.321663141250610352e+00
1.325575232505798340e+00
1.064365386962890625e+00
9.855220913887023926e-01
1.005439281463623047e+00
1.333972573280334473e+00
2.874579429626464844e-01
1.657185435295104980e+00
1.447244167327880859e+00
1.461325168609619141e+00
1.246215343475341797e+00
1.140450477600097656e+00
1.245191335678100586e+00
9.719625115394592285e-01
1.301900863647460938e+00
1.332942008972167969e+00
1.344300270080566406e+00
1.383998155593872070e+00
1.290517091751098633e+00
1.373160600662231445e+00
1.406109333038330078e+00
1.429938554763793945e+00
1.270923018455505371e+00
3.369578719139099121e-01
3.095502853393554688e-01
3.472571372985839844e-01
3.447473645210266113e-01
1.247312545776367188e+00
