1.101402997970581055e+00
1.430116653442382812e+00
1.483017325401306152e+00
1.396764755249023438e+00
1.343437910079956055e+00
1.233883976936340332e+00
1.406890630722045898e+00
1.347146749496459961e+00
1.422385096549987793e+00
1.408764123916625977e+00
1.434912800788879395e+00
1.338759779930114746e+00
1.401477813720703125e+00
1.342734694480895996e+00
1.358138203620910645e+00
1.282311439514160156e+00
1.189215421676635742e+00
1.303490877151489258e+00
1.415771722793579102e+00
1.426405906677246094e+00
1.496168851852416992e+00
1.469075798988342285e+00
1.249521017074584961e+00
1.361565351486206055e+00
1.227058172225952148e+00
1.348476171493530273e+00
1.312061548233032227e+00
1.266798257827758789e+00
1.353908777236938477e+00
1.444363951683044434e+00
1.232928991317749023e+00
1.118465662002563477e+00
1.350015163421630859e+00
1.369321823120117188e+00
1.206878662109375000e+00
1.409180879592895508e+00
1.171743750572204590e+00
1.285066843032836914e+00
1.327437877655029297e+00
1.342928171157836914e+00
1.277421712875366211e+00
1.272831082344055176e+00
1.284041166305541992e+00
1.209732294082641602e+00
1.292614221572875977e+00
1.439884424209594727e+00
1.330662488937377930e+00
1.330265641212463379e+00
1.400304675102233887e+00
1.322908639907836914e+00
1.355784535408020020e+00
1.323862910270690918e+00
1.438860893249511719e+00
1.328027009963989258e+00
1.334399223327636719e+00
1.243651151657104492e+00
1.392929911613464355e+00
1.386913061141967773e+00
1.433047056198120117e+00
1.358538389205932617e+00
1.440146684646606445e+00
1.303469657897949219e+00
1.502742290496826172e+00
1.343057155609130859e+00
1.435459136962890625e+00
1.283711910247802734e+00
1.351597070693969727e+00
1.398718833923339844e+00
1.187687754631042480e+00
1.347261428833007812e+00
1.356878280639648438e+00
1.262942671775817871e+00
1.336355090141296387e+00
1.304266571998596191e+00
1.376410722732543945e+00
1.387455344200134277e+00
1.365752816200256348e+00
1.334555149078369141e+00
1.280896902084350586e+00
1.311084508895874023e+00
1.316814184188842773e+00
1.358947277069091797e+00
1.376763343811035156e+00
1.379524588584899902e+00
1.272192716598510742e+00
1.309006214141845703e+00
1.410253167152404785e+00
1.299032449722290039e+00
1.341347575187683105e+00
1.469838142395019531e+00
1.377817511558532715e+00
1.388122797012329102e+00
1.328066825866699219e+00
1.358264327049255371e+00
1.382779598236083984e+00
1.439364910125732422e+00
1.335695624351501465e+00
1.314896225929260254e+00
1.401607632637023926e+00
1.396313786506652832e+00
1.414412736892700195e+00
1.373906135559082031e+00
1.418561339378356934e+00
1.457394719123840332e+00
1.394898533821105957e+00
1.382429003715515137e+00
1.301943182945251465e+00
9.037910103797912598e-01
1.186480283737182617e+00
1.312510848045349121e+00
1.258393645286560059e+00
1.285016059875488281e+00
1.318662285804748535e+00
1.236782312393188477e+00
1.338320970535278320e+00
1.227031826972961426e+00
1.244351029396057129e+00
1.297494053840637207e+00
1.311239719390869141e+00
1.286144971847534180e+00
1.284025430679321289e+00
1.442133665084838867e+00
1.345125436782836914e+00
1.411897063255310059e+00
1.380218982696533203e+00
1.295374393463134766e+00
1.542386531829833984e+00
1.451627373695373535e+00
1.392510056495666504e+00
1.378261446952819824e+00
1.409854769706726074e+00
7.586897611618041992e-01
1.394184827804565430e+00
1.383457541465759277e+00
1.436363816261291504e+00
1.232350945472717285e+00
1.409498810768127441e+00
1.310491681098937988e+00
1.106925845146179199e+00
1.339023113250732422e+00
1.316915869712829590e+00
1.267185449600219727e+00
1.356801152229309082e+00
1.187789559364318848e+00
1.324286222457885742e+00
1.392952799797058105e+00
1.305595874786376953e+00
1.366331815719604492e+00
1.218970417976379395e+00
1.397976636886596680e+00
1.331608533859252930e+00
1.384367942810058594e+00
1.370353817939758301e+00
1.419230937957763672e+00
1.314922451972961426e+00
1.355645060539245605e+00
1.287723183631896973e+00
1.436058044433593750e+00
1.426980614662170410e+00
1.448412895202636719e+00
1.504254817962646484e+00
1.331169247627258301e+00
1.331442356109619141e+00
1.374233722686767578e+00
1.231283068656921387e+00
1.316998481750488281e+00
1.263520002365112305e+00
1.270706295967102051e+00
1.371131896972656250e+00
1.242804765701293945e+00
1.355673551559448242e+00
1.323323607444763184e+00
1.323025703430175781e+00
1.346932649612426758e+00
1.335003972053527832e+00
1.331742286682128906e+00
1.280957221984863281e+00
1.314039707183837891e+00
1.389034986495971680e+00
1.427343249320983887e+00
1.372913837432861328e+00
1.417610645294189453e+00
1.425118327140808105e+00
1.401767969131469727e+00
1.455056071281433105e+00
1.373826265335083008e+00
1.457070469856262207e+00
1.457957744598388672e+00
1.429535984992980957e+00
1.354160428047180176e+00
1.432694554328918457e+00
1.376992583274841309e+00
1.309344410896301270e+00
1.392083644866943359e+00
1.391170024871826172e+00
1.412979841232299805e+00
1.401057720184326172e+00
1.431418418884277344e+00
1.454181551933288574e+00
1.476243257522583008e+00
1.421820044517517090e+00
1.409269690513610840e+00
1.513753294944763184e+00
1.385711550712585449e+00
1.374323606491088867e+00
1.342632412910461426e+00
1.399797439575195312e+00
1.384279489517211914e+00
1.452784061431884766e+00
1.503004193305969238e+00
1.340792536735534668e+00
1.343018174171447754e+00
1.283108592033386230e+00
1.343098878860473633e+00
1.349096655845642090e+00
1.248347043991088867e+00
1.218692779541015625e+00
1.504442453384399414e+00
1.546703100204467773e+00
1.500332593917846680e+00
1.547801852226257324e+00
1.517836689949035645e+00
1.399290919303894043e+00
1.289429664611816406e+00
1.204044103622436523e+00
1.244508743286132812e+00
1.290998697280883789e+00
1.390277743339538574e+00
1.327451825141906738e+00
1.383653759956359863e+00
1.396317958831787109e+00
1.380858421325683594e+00
1.386274814605712891e+00
1.398040771484375000e+00
1.392055153846740723e+00
1.329687595367431641e+00
1.339709043502807617e+00
1.358755469322204590e+00
1.278349637985229492e+00
1.319803953170776367e+00
1.284366488456726074e+00
1.302748084068298340e+00
1.362930655479431152e+00
1.295172572135925293e+00
1.426414966583251953e+00
1.316350817680358887e+00
1.299341440200805664e+00
1.380655169486999512e+00
1.349985122680664062e+00
1.321361541748046875e+00
1.290945291519165039e+00
1.297932028770446777e+00
1.344328045845031738e+00
1.360955357551574707e+00
1.346199035644531250e+00
1.372639298439025879e+00
1.378708362579345703e+00
1.418289422988891602e+00
1.377070307731628418e+00
1.369266629219055176e+00
1.290084242820739746e+00
1.404315352439880371e+00
1.326577901840209961e+00
1.327152848243713379e+00
1.472123861312866211e+00
1.370219469070434570e+00
1.443637013435363770e+00
1.304746866226196289e+00
1.342331051826477051e+00
1.323781251907348633e+00
1.329821228981018066e+00
1.316611886024475098e+00
1.272546768188476562e+00
1.327913403511047363e+00
1.352038502693176270e+00
1.353960990905761719e+00
1.379545211791992188e+00
1.382820487022399902e+00
1.366890907287597656e+00
1.315466284751892090e+00
1.334530234336853027e+00
1.312840223312377930e+00
1.341084718704223633e+00
1.261778235435485840e+00
1.268202066421508789e+00
1.225964188575744629e+00
6.410034894943237305e-01
1.275269031524658203e+00
1.239744544029235840e+00
1.347772717475891113e+00
1.068773508071899414e+00
1.381315231323242188e+00
1.358121633529663086e+00
1.334862947463989258e+00
1.257519245147705078e+00
1.258878350257873535e+00
4.206386804580688477e-01
1.521287918090820312e+00
1.316997647285461426e+00
1.435868620872497559e+00
1.378861665725708008e+00
1.340915560722351074e+00
1.289223432540893555e+00
1.335463523864746094e+00
1.358935594558715820e+00
1.155211329460144043e+00
1.248465776443481445e+00
1.161103725433349609e+00
1.203901529312133789e+00
1.399147987365722656e+00
1.310991644859313965e+00
9.910843968391418457e-01
1.318508625030517578e+00
1.248541831970214844e+00
1.342280387878417969e+00
1.285380482673645020e+00
1.293101668357849121e+00
1.049140453338623047e+00
1.410638809204101562e+00
1.374514222145080566e+00
1.353152155876159668e+00
1.343596339225769043e+00
1.350696802139282227e+00
1.342380881309509277e+00
1.378274679183959961e+00
8.906448483467102051e-01
1.400961518287658691e+00
1.350423812866210938e+00
1.462251782417297363e+00
1.727383971214294434e+00
1.339772701263427734e+00
1.512421369552612305e+00
1.459657669067382812e+00
3.177009224891662598e-01
1.283894062042236328e+00
1.260147452354431152e+00
1.402939200401306152e+00
1.457409620285034180e+00
1.412835121154785156e+00
1.404492497444152832e+00
1.464353561401367188e+00
1.332875370979309082e+00
1.401248693466186523e+00
1.481207370758056641e+00
1.347497105598449707e+00
3.003970086574554443e-01
3.116182088851928711e-01
6.203554272651672363e-01
1.493091225624084473e+00
3.173655271530151367e-01
1.462725639343261719e+00
1.281437873840332031e+00
1.276845574378967285e+00
1.316678285598754883e+00
1.328559517860412598e+00
1.311613321304321289e+00
1.344758749008178711e+00
1.306992530822753906e+00
1.371097087860107422e+00
1.363252997398376465e+00
1.345658659934997559e+00
1.358074784278869629e+00
1.329505681991577148e+00
1.435683250427246094e+00
1.400911569595336914e+00
1.393425345420837402e+00
1.315734863281250000e+00
1.404379367828369141e+00
1.325496912002563477e+00
1.311699867248535156e+00
1.321449756622314453e+00
1.329740524291992188e+00
1.380107641220092773e+00
1.334127068519592285e+00
1.362092375755310059e+00
1.366470575332641602e+00
1.322917938232421875e+00
1.391947746276855469e+00
1.294852256774902344e+00
1.284136533737182617e+00
1.309666037559509277e+00
1.369274377822875977e+00
1.284764528274536133e+00
1.319251418113708496e+00
1.351619005203247070e+00
1.346606254577636719e+00
1.342646956443786621e+00
1.311510801315307617e+00
1.348032116889953613e+00
1.421725511550903320e+00
1.419276475906372070e+00
8.808084130287170410e-01
1.278083801269531250e+00
9.498322010040283203e-01
1.280895829200744629e+00
1.183777689933776855e+00
1.370200037956237793e+00
1.307709574699401855e+00
1.298609495162963867e+00
1.301690340042114258e+00
1.345681190490722656e+00
1.367277741432189941e+00
1.345381379127502441e+00
1.402981400489807129e+00
1.409701228141784668e+00
1.343130826950073242e+00
1.384011268615722656e+00
1.401540398597717285e+00
1.435445547103881836e+00
1.478307366371154785e+00
1.475706219673156738e+00
1.432668805122375488e+00
1.369151711463928223e+00
1.344676733016967773e+00
1.363166570663452148e+00
1.433815956115722656e+00
1.462221980094909668e+00
1.347351789474487305e+00
1.367419123649597168e+00
1.356692552566528320e+00
1.330205440521240234e+00
1.351153731346130371e+00
1.300149917602539062e+00
1.289190769195556641e+00
1.279048085212707520e+00
1.306562900543212891e+00
1.246463418006896973e+00
1.415660023689270020e+00
1.386902332305908203e+00
1.381751656532287598e+00
1.355678915977478027e+00
1.381418704986572266e+00
1.053148150444030762e+00
1.306753396987915039e+00
1.351413965225219727e+00
1.315633654594421387e+00
1.433980464935302734e+00
1.359598875045776367e+00
1.395931601524353027e+00
1.326552867889404297e+00
1.344619989395141602e+00
1.302474617958068848e+00
1.307615518569946289e+00
1.340713500976562500e+00
1.272021532058715820e+00
1.325015544891357422e+00
1.307912111282348633e+00
1.294358849525451660e+00
1.291276335716247559e+00
1.356973052024841309e+00
1.322834014892578125e+00
1.448458790779113770e+00
1.303674101829528809e+00
1.287753224372863770e+00
1.347218632698059082e+00
1.262669682502746582e+00
1.279213547706604004e+00
1.276035428047180176e+00
1.354434370994567871e+00
1.351623773574829102e+00
1.310356855392456055e+00
1.296534895896911621e+00
1.288224697113037109e+00
1.315210580825805664e+00
1.304985284805297852e+00
1.280175685882568359e+00
1.400521397590637207e+00
1.297797918319702148e+00
1.414268016815185547e+00
1.393732070922851562e+00
1.480001449584960938e+00
1.406574368476867676e+00
1.401355266571044922e+00
1.419988870620727539e+00
1.362936258316040039e+00
1.671270012855529785e+00
1.424173712730407715e+00
1.336904525756835938e+00
1.256491065025329590e+00
1.454961061477661133e+00
1.333876848220825195e+00
1.358120083808898926e+00
1.302518606185913086e+00
1.327886819839477539e+00
1.467564105987548828e+00
1.301794886589050293e+00
1.370016574859619141e+00
1.445338606834411621e+00
1.402012348175048828e+00
1.394204616546630859e+00
1.434336781501770020e+00
1.284510135650634766e+00
1.335002660751342773e+00
1.342993497848510742e+00
1.404827475547790527e+00
1.392117142677307129e+00
1.437518835067749023e+00
1.414883613586425781e+00
1.420268774032592773e+00
1.411334872245788574e+00
1.378168106079101562e+00
1.374241232872009277e+00
1.424415946006774902e+00
1.368424177169799805e+00
1.309305310249328613e+00
1.295620203018188477e+00
1.361060857772827148e+00
1.328966498374938965e+00
1.378978013992309570e+00
1.350430488586425781e+00
1.365146636962890625e+00
1.323593020439147949e+00
1.344676136970520020e+00
1.331543803215026855e+00
1.324722766876220703e+00
1.413783788681030273e+00
1.414077877998352051e+00
1.526619076728820801e+00
1.488704442977905273e+00
1.376373052597045898e+00
1.354734301567077637e+00
1.383810281753540039e+00
1.416704535484313965e+00
1.262751221656799316e+00
1.357660293579101562e+00
1.522073268890380859e+00
1.473221182823181152e+00
1.379328250885009766e+00
1.414060354232788086e+00
1.423319578170776367e+00
1.442501187324523926e+00
1.394461989402770996e+00
1.362031698226928711e+00
1.344225168228149414e+00
1.402809619903564453e+00
1.418621420860290527e+00
1.368676066398620605e+00
1.352277398109436035e+00
1.259343862533569336e+00
1.313431978225708008e+00
1.259738922119140625e+00
1.243458271026611328e+00
1.258162856101989746e+00
1.193085670471191406e+00
1.283846974372863770e+00
1.308548808097839355e+00
1.438295483589172363e+00
1.361507296562194824e+00
1.380526304244995117e+00
1.361104965209960938e+00
1.221969366073608398e+00
1.174942970275878906e+00
1.211996316909790039e+00
1.198463082313537598e+00
1.280264377593994141e+00
1.250202059745788574e+00
1.349114537239074707e+00
1.369317770004272461e+00
1.492789626121520996e+00
1.441223144531250000e+00
1.457278132438659668e+00
1.505836606025695801e+00
1.579530835151672363e+00
1.426501035690307617e+00
1.307136774063110352e+00
1.420405149459838867e+00
1.348591446876525879e+00
1.317783355712890625e+00
1.351782083511352539e+00
1.357314944267272949e+00
1.380027413368225098e+00
1.246477007865905762e+00
1.341358900070190430e+00
1.356300830841064453e+00
1.377886056900024414e+00
1.408269405364990234e+00
1.389835715293884277e+00
1.311798930168151855e+00
1.388407826423645020e+00
1.399644374847412109e+00
1.378749251365661621e+00
1.366986751556396484e+00
1.452695965766906738e+00
1.326575040817260742e+00
1.377813100814819336e+00
1.288297295570373535e+00
1.331678867340087891e+00
1.351774215698242188e+00
1.296360015869140625e+00
1.390306115150451660e+00
1.302629709243774414e+00
1.451612710952758789e+00
1.300195217132568359e+00
1.398878335952758789e+00
1.293662309646606445e+00
1.284171938896179199e+00
1.400271415710449219e+00
1.365218639373779297e+00
1.402127146720886230e+00
1.331656694412231445e+00
1.376664161682128906e+00
1.418833971023559570e+00
1.392854094505310059e+00
1.256868124008178711e+00
1.392539620399475098e+00
1.314858913421630859e+00
7.483978867530822754e-01
1.180912613868713379e+00
1.484155774116516113e+00
1.447030067443847656e+00
1.353691458702087402e+00
1.327243447303771973e+00
1.357426166534423828e+00
1.357569098472595215e+00
1.388563513755798340e+00
1.428735613822937012e+00
1.349340319633483887e+00
1.362736940383911133e+00
1.367810010910034180e+00
1.347233176231384277e+00
1.318536520004272461e+00
1.342482447624206543e+00
1.355278968811035156e+00
1.288494825363159180e+00
1.303158760070800781e+00
1.339937210083007812e+00
1.350472211837768555e+00
1.348577022552490234e+00
1.346818566322326660e+00
1.360927104949951172e+00
1.366823077201843262e+00
1.335480213165283203e+00
1.320084333419799805e+00
1.350329637527465820e+00
1.394924283027648926e+00
1.381695151329040527e+00
1.380097508430480957e+00
1.361557960510253906e+00
1.327759742736816406e+00
1.424219727516174316e+00
1.450205206871032715e+00
1.403728961944580078e+00
1.305172085762023926e+00
1.427335977554321289e+00
1.385404706001281738e+00
1.439767360687255859e+00
1.414114117622375488e+00
1.472195267677307129e+00
1.420584917068481445e+00
1.340951323509216309e+00
1.405602335929870605e+00
1.406001806259155273e+00
1.281190395355224609e+00
1.458741188049316406e+00
1.432202458381652832e+00
1.333807468414306641e+00
1.374610543251037598e+00
1.372326254844665527e+00
1.300059556961059570e+00
1.286495685577392578e+00
1.242055416107177734e+00
1.208718061447143555e+00
1.285899639129638672e+00
1.287993311882019043e+00
1.372341632843017578e+00
1.305518150329589844e+00
1.280105113983154297e+00
1.452267885208129883e+00
1.486468911170959473e+00
1.299137234687805176e+00
1.389017224311828613e+00
1.371138572692871094e+00
1.351294755935668945e+00
1.352873921394348145e+00
1.345690131187438965e+00
1.283689498901367188e+00
1.191967606544494629e+00
1.256607770919799805e+00
1.337119221687316895e+00
1.290397763252258301e+00
1.189900755882263184e+00
1.257842779159545898e+00
1.300209045410156250e+00
1.280609726905822754e+00
1.313508987426757812e+00
1.310207128524780273e+00
1.364808082580566406e+00
1.410902619361877441e+00
1.375606060028076172e+00
1.547043442726135254e+00
1.586210370063781738e+00
1.649486780166625977e+00
7.229746580123901367e-01
1.573707222938537598e+00
1.760702013969421387e+00
3.140536546707153320e-01
1.512275576591491699e+00
1.474970936775207520e+00
1.608367204666137695e+00
1.564153432846069336e+00
1.590188980102539062e+00
1.722014904022216797e+00
4.635705649852752686e-01
1.544725775718688965e+00
1.781773567199707031e+00
1.674286961555480957e+00
1.661521315574645996e+00
1.305073976516723633e+00
1.543232202529907227e+00
1.408046126365661621e+00
1.267784118652343750e+00
1.193022489547729492e+00
1.257618188858032227e+00
1.278441905975341797e+00
1.396234989166259766e+00
1.398062586784362793e+00
1.264332652091979980e+00
1.320887684822082520e+00
1.293403625488281250e+00
1.403786420822143555e+00
1.367980599403381348e+00
1.509080886840820312e+00
1.467060565948486328e+00
1.386500120162963867e+00
1.401767015457153320e+00
1.352555751800537109e+00
1.362616539001464844e+00
1.486176967620849609e+00
1.434035062789916992e+00
1.456894278526306152e+00
1.366480827331542969e+00
1.190699219703674316e+00
1.472008228302001953e+00
1.420584917068481445e+00
1.495542168617248535e+00
1.421806812286376953e+00
1.479912161827087402e+00
1.465781331062316895e+00
1.349767088890075684e+00
1.289990305900573730e+00
1.355419516563415527e+00
1.347271084785461426e+00
1.443571448326110840e+00
1.532445549964904785e+00
1.494011402130126953e+00
1.463823676109313965e+00
1.472073912620544434e+00
1.289247274398803711e+00
1.524500370025634766e+00
1.517253160476684570e+00
1.460130453109741211e+00
1.347922563552856445e+00
1.312943696975708008e+00
1.247985243797302246e+00
1.240949153900146484e+00
1.343591570854187012e+00
1.382025957107543945e+00
1.266397595405578613e+00
1.294387102127075195e+00
1.339327216148376465e+00
1.342300772666931152e+00
1.383907079696655273e+00
1.356876969337463379e+00
1.314476728439331055e+00
1.337889552116394043e+00
1.350567698478698730e+00
1.519832015037536621e+00
1.428664207458496094e+00
1.517491102218627930e+00
1.403396487236022949e+00
1.393633127212524414e+00
1.288155555725097656e+00
1.286359667778015137e+00
1.297673702239990234e+00
1.235694050788879395e+00
1.297128200531005859e+00
1.307869672775268555e+00
1.313485264778137207e+00
1.404626607894897461e+00
1.496444225311279297e+00
1.564840078353881836e+00
1.446321129798889160e+00
1.497771620750427246e+00
1.496657609939575195e+00
1.443781614303588867e+00
1.505527734756469727e+00
1.557099223136901855e+00
1.543052196502685547e+00
1.443430304527282715e+00
1.352307438850402832e+00
1.387629985809326172e+00
1.379236698150634766e+00
1.341716647148132324e+00
1.387306571006774902e+00
1.451572418212890625e+00
1.394079446792602539e+00
1.376215457916259766e+00
1.339480757713317871e+00
1.423301339149475098e+00
1.367719292640686035e+00
1.352433443069458008e+00
1.451518058776855469e+00
1.410603404045104980e+00
1.391621470451354980e+00
1.430009126663208008e+00
1.359804153442382812e+00
1.424490690231323242e+00
1.397447824478149414e+00
1.416272282600402832e+00
1.344411373138427734e+00
1.263074398040771484e+00
1.257672309875488281e+00
1.323274731636047363e+00
1.400604128837585449e+00
1.375426292419433594e+00
1.333060503005981445e+00
1.355238080024719238e+00
1.435181379318237305e+00
1.369054913520812988e+00
1.385299444198608398e+00
1.488359808921813965e+00
1.349458217620849609e+00
9.584197402000427246e-01
1.291327953338623047e+00
1.470215082168579102e+00
1.414592862129211426e+00
1.351962804794311523e+00
1.241428256034851074e+00
1.377051591873168945e+00
1.209725856781005859e+00
1.314756631851196289e+00
1.395025849342346191e+00
1.342653155326843262e+00
1.372495889663696289e+00
1.363480210304260254e+00
1.279282450675964355e+00
1.410020112991333008e+00
1.389707088470458984e+00
1.350526928901672363e+00
1.392492413520812988e+00
1.273598313331604004e+00
1.380263209342956543e+00
1.356860041618347168e+00
1.399209380149841309e+00
1.424168586730957031e+00
1.357425451278686523e+00
1.310756683349609375e+00
1.258515834808349609e+00
1.427186489105224609e+00
1.370870232582092285e+00
1.270414233207702637e+00
1.348690271377563477e+00
1.323275446891784668e+00
1.330198287963867188e+00
1.332772493362426758e+00
1.322575926780700684e+00
1.401989459991455078e+00
1.372363567352294922e+00
1.281152963638305664e+00
1.476660013198852539e+00
1.390491485595703125e+00
1.405427932739257812e+00
1.416205286979675293e+00
1.439700603485107422e+00
1.423194289207458496e+00
1.395458102226257324e+00
1.475502133369445801e+00
1.463692426681518555e+00
1.433767557144165039e+00
1.475937604904174805e+00
1.375733733177185059e+00
1.409716486930847168e+00
1.315005064010620117e+00
1.288336157798767090e+00
1.528243780136108398e+00
1.447835564613342285e+00
1.255790233612060547e+00
1.334815740585327148e+00
1.363898634910583496e+00
1.385446548461914062e+00
1.406082630157470703e+00
1.354101419448852539e+00
1.436000585556030273e+00
1.337234139442443848e+00
1.322706341743469238e+00
1.333719968795776367e+00
1.372694969177246094e+00
1.366791009902954102e+00
1.464458823204040527e+00
1.467153429985046387e+00
1.478838562965393066e+00
1.434859752655029297e+00
1.275794029235839844e+00
3.400796353816986084e-01
1.537767887115478516e+00
1.404204249382019043e+00
1.620750546455383301e+00
1.312409877777099609e+00
1.268593311309814453e+00
1.279229879379272461e+00
1.309012293815612793e+00
1.304407835006713867e+00
1.291531801223754883e+00
1.319162368774414062e+00
1.342465162277221680e+00
1.377775669097900391e+00
1.396366596221923828e+00
1.331960558891296387e+00
1.370706200599670410e+00
1.458800792694091797e+00
1.411343097686767578e+00
1.350023627281188965e+00
1.434750795364379883e+00
1.018896460533142090e+00
1.344852805137634277e+00
1.451549887657165527e+00
1.374487161636352539e+00
1.397268533706665039e+00
1.440381407737731934e+00
1.442988634109497070e+00
1.398176312446594238e+00
1.386035203933715820e+00
1.392910480499267578e+00
1.281710743904113770e+00
1.315104126930236816e+00
1.342788815498352051e+00
1.261910319328308105e+00
1.307822227478027344e+00
1.340739965438842773e+00
1.357354998588562012e+00
1.307523250579833984e+00
1.336267590522766113e+00
1.317893624305725098e+00
1.313315033912658691e+00
1.266473054885864258e+00
1.270772933959960938e+00
1.288003325462341309e+00
1.335348606109619141e+00
1.257545113563537598e+00
1.334311604499816895e+00
1.279698848724365234e+00
1.413043498992919922e+00
1.280183076858520508e+00
1.332085132598876953e+00
1.361265063285827637e+00
1.301193714141845703e+00
1.368747234344482422e+00
1.335023164749145508e+00
1.393899321556091309e+00
1.383175730705261230e+00
1.369868755340576172e+00
1.319454789161682129e+00
1.308658361434936523e+00
1.341859459877014160e+00
1.349013924598693848e+00
1.400943756103515625e+00
1.338527679443359375e+00
1.362696290016174316e+00
1.407842755317687988e+00
1.318541765213012695e+00
1.295079350471496582e+00
1.310948610305786133e+00
1.351597309112548828e+00
1.260325193405151367e+00
1.159317731857299805e+00
1.256659030914306641e+00
1.297245860099792480e+00
1.254107236862182617e+00
1.284376502037048340e+00
1.256527662277221680e+00
1.300923466682434082e+00
1.318155765533447266e+00
1.341136097908020020e+00
1.268615961074829102e+00
1.424692988395690918e+00
1.451907992362976074e+00
1.440391659736633301e+00
1.421704530715942383e+00
1.394889354705810547e+00
1.414721369743347168e+00
1.406445026397705078e+00
1.413638830184936523e+00
1.310511589050292969e+00
1.392154932022094727e+00
1.329493999481201172e+00
1.304143905639648438e+00
1.325925588607788086e+00
1.323913812637329102e+00
1.404551267623901367e+00
1.409242749214172363e+00
1.396150350570678711e+00
1.341092109680175781e+00
1.380881547927856445e+00
1.416304349899291992e+00
1.467548489570617676e+00
1.436710715293884277e+00
1.330701351165771484e+00
1.325623273849487305e+00
1.406190752983093262e+00
1.317946195602416992e+00
1.341626644134521484e+00
1.272030830383300781e+00
1.321711421012878418e+00
1.273005485534667969e+00
1.382475376129150391e+00
1.418889641761779785e+00
1.471528887748718262e+00
1.453436136245727539e+00
1.440812230110168457e+00
1.499272942543029785e+00
1.405624985694885254e+00
1.500524520874023438e+00
1.509026885032653809e+00
1.421068191528320312e+00
1.379795432090759277e+00
1.406273603439331055e+00
1.229106903076171875e+00
1.272208094596862793e+00
1.310528039932250977e+00
1.303468704223632812e+00
1.288913965225219727e+00
1.285294890403747559e+00
1.279467701911926270e+00
1.294826030731201172e+00
1.269642710685729980e+00
1.320524930953979492e+00
1.343517780303955078e+00
1.274450778961181641e+00
1.260899305343627930e+00
1.257890343666076660e+00
1.310337901115417480e+00
1.248188376426696777e+00
1.247729063034057617e+00
1.288068532943725586e+00
1.194262742996215820e+00
1.285433530807495117e+00
1.318782925605773926e+00
1.316419005393981934e+00
1.336727380752563477e+00
1.445644259452819824e+00
1.422370672225952148e+00
1.432140946388244629e+00
1.479983210563659668e+00
1.386044025421142578e+00
1.367656946182250977e+00
1.410442352294921875e+00
1.474646329879760742e+00
1.407852053642272949e+00
1.398136615753173828e+00
1.348499655723571777e+00
1.356372594833374023e+00
1.412120342254638672e+00
1.376324415206909180e+00
1.344639062881469727e+00
1.345367074012756348e+00
1.375767588615417480e+00
1.361008405685424805e+00
1.286296725273132324e+00
1.377746701240539551e+00
1.448952198028564453e+00
1.463096857070922852e+00
1.456532001495361328e+00
1.432038903236389160e+00
1.423703312873840332e+00
1.510627985000610352e+00
1.410579204559326172e+00
1.357347488403320312e+00
1.483489155769348145e+00
1.419803857803344727e+00
1.416472792625427246e+00
1.324476122856140137e+00
1.340970516204833984e+00
1.260071635246276855e+00
1.343321919441223145e+00
1.319722652435302734e+00
1.309546828269958496e+00
1.308517098426818848e+00
1.343561053276062012e+00
1.323290824890136719e+00
1.420422196388244629e+00
1.401249885559082031e+00
1.416366934776306152e+00
1.394532322883605957e+00
1.273667931556701660e+00
1.359050512313842773e+00
1.323124289512634277e+00
1.381344556808471680e+00
1.351511836051940918e+00
1.492602348327636719e+00
1.430626869201660156e+00
1.346403241157531738e+00
1.343784332275390625e+00
1.284281492233276367e+00
1.351987957954406738e+00
1.402948260307312012e+00
1.524027705192565918e+00
1.357302188873291016e+00
3.392031490802764893e-01
1.389117240905761719e+00
1.662408232688903809e+00
1.398146152496337891e+00
1.509227037429809570e+00
1.540426254272460938e+00
1.355105400085449219e+00
1.406367421150207520e+00
1.368733763694763184e+00
1.324279904365539551e+00
1.461693644523620605e+00
1.334099292755126953e+00
1.431943655014038086e+00
1.366172313690185547e+00
1.377926468849182129e+00
1.442248821258544922e+00
1.403689265251159668e+00
1.486640095710754395e+00
1.435394406318664551e+00
1.495998620986938477e+00
1.463359713554382324e+00
1.399579405784606934e+00
1.426152586936950684e+00
1.455144166946411133e+00
1.424336791038513184e+00
1.492245316505432129e+00
1.408466815948486328e+00
1.373002529144287109e+00
1.416513919830322266e+00
1.427347183227539062e+00
1.346514225006103516e+00
1.343503713607788086e+00
1.392567634582519531e+00
1.574678301811218262e+00
1.511865258216857910e+00
1.486332654953002930e+00
1.451003670692443848e+00
1.397144317626953125e+00
1.415946364402770996e+00
1.485658288002014160e+00
1.416629791259765625e+00
1.410969853401184082e+00
1.464421629905700684e+00
1.490413308143615723e+00
1.353225111961364746e+00
1.329322814941406250e+00
1.373083829879760742e+00
1.310549855232238770e+00
1.472261071205139160e+00
1.417928218841552734e+00
1.403026819229125977e+00
1.497206807136535645e+00
1.409892916679382324e+00
1.363531351089477539e+00
1.451146602630615234e+00
1.374828219413757324e+00
1.462353229522705078e+00
1.391694307327270508e+00
1.305802583694458008e+00
1.311082243919372559e+00
1.308203339576721191e+00
1.321325063705444336e+00
1.342442989349365234e+00
1.391391754150390625e+00
1.365927815437316895e+00
1.455280065536499023e+00
1.437384128570556641e+00
1.410638809204101562e+00
1.300296306610107422e+00
1.265324831008911133e+00
1.314687609672546387e+00
1.290478467941284180e+00
1.434071779251098633e+00
1.503264904022216797e+00
1.481590390205383301e+00
1.412031292915344238e+00
1.430508255958557129e+00
1.502724051475524902e+00
1.440404891967773438e+00
1.401721119880676270e+00
1.466899991035461426e+00
1.421662092208862305e+00
1.530955791473388672e+00
1.476868391036987305e+00
1.465260982513427734e+00
1.473379015922546387e+00
1.343983769416809082e+00
1.324637055397033691e+00
1.331487178802490234e+00
1.352583289146423340e+00
1.382639288902282715e+00
1.417382717132568359e+00
1.330408453941345215e+00
1.325667262077331543e+00
1.408295631408691406e+00
1.470223069190979004e+00
1.530944824218750000e+00
1.497435808181762695e+00
1.481879234313964844e+00
1.526270747184753418e+00
1.476635694503784180e+00
1.488083839416503906e+00
1.372145891189575195e+00
1.487984776496887207e+00
1.448915481567382812e+00
1.469585061073303223e+00
1.519882440567016602e+00
1.488205552101135254e+00
1.571881651878356934e+00
1.500535488128662109e+00
1.399023652076721191e+00
1.508241891860961914e+00
1.539571285247802734e+00
1.580128431320190430e+00
1.475177526473999023e+00
1.358510971069335938e+00
1.493632793426513672e+00
1.518700957298278809e+00
1.588836550712585449e+00
1.542764782905578613e+00
1.422757387161254883e+00
1.604646563529968262e+00
1.607423424720764160e+00
1.395048499107360840e+00
1.422422528266906738e+00
1.445736408233642578e+00
1.529005408287048340e+00
1.466379642486572266e+00
1.488680124282836914e+00
1.480408072471618652e+00
1.450578331947326660e+00
1.534414291381835938e+00
1.355758905410766602e+00
1.306762933731079102e+00
1.308216094970703125e+00
1.351023912429809570e+00
1.223908305168151855e+00
1.246787309646606445e+00
1.287268757820129395e+00
1.230140209197998047e+00
1.216855049133300781e+00
1.261897087097167969e+00
1.286770820617675781e+00
1.348447442054748535e+00
1.411427736282348633e+00
1.379559516906738281e+00
1.448583841323852539e+00
1.424862265586853027e+00
1.393763065338134766e+00
9.810865521430969238e-01
1.406066298484802246e+00
1.306894183158874512e+00
1.361245155334472656e+00
1.354856967926025391e+00
1.415770769119262695e+00
1.403218269348144531e+00
1.422152996063232422e+00
1.393367290496826172e+00
1.377298474311828613e+00
1.305792093276977539e+00
1.395300269126892090e+00
1.482320070266723633e+00
1.312888622283935547e+00
1.436899662017822266e+00
1.432001352310180664e+00
1.477221608161926270e+00
1.408825635910034180e+00
1.341117143630981445e+00
1.314154624938964844e+00
1.305047512054443359e+00
1.258885264396667480e+00
1.251372456550598145e+00
1.258430600166320801e+00
1.454904317855834961e+00
1.331764221191406250e+00
1.322093725204467773e+00
1.427640557289123535e+00
1.272647857666015625e+00
1.350322604179382324e+00
1.389154314994812012e+00
1.318486928939819336e+00
1.318461894989013672e+00
1.262935280799865723e+00
1.316781282424926758e+00
1.265058159828186035e+00
1.276588797569274902e+00
1.420730352401733398e+00
1.460714221000671387e+00
1.435714244842529297e+00
1.429747819900512695e+00
1.400969386100769043e+00
1.392334699630737305e+00
1.376150608062744141e+00
1.427607536315917969e+00
1.376135110855102539e+00
1.472020745277404785e+00
1.448668360710144043e+00
1.396371006965637207e+00
1.463046431541442871e+00
1.389572143554687500e+00
1.283826589584350586e+00
1.306794166564941406e+00
1.307638764381408691e+00
1.391196489334106445e+00
1.472209692001342773e+00
1.281700134277343750e+00
1.360856175422668457e+00
1.331225514411926270e+00
1.357953310012817383e+00
1.305009603500366211e+00
1.371079444885253906e+00
1.442362308502197266e+00
1.526840806007385254e+00
1.515240430831909180e+00
1.403491258621215820e+00
1.478545904159545898e+00
1.408909320831298828e+00
1.337576150894165039e+00
1.292376875877380371e+00
1.407686352729797363e+00
1.343396425247192383e+00
1.415967822074890137e+00
1.269933938980102539e+00
1.282995939254760742e+00
1.329861640930175781e+00
1.398982405662536621e+00
1.453443169593811035e+00
1.455571413040161133e+00
1.283972740173339844e+00
1.496088862419128418e+00
1.440256834030151367e+00
1.416252255439758301e+00
1.413040995597839355e+00
1.508626103401184082e+00
1.444891214370727539e+00
1.445541977882385254e+00
1.487737298011779785e+00
1.402277827262878418e+00
1.338978409767150879e+00
1.353551864624023438e+00
1.364501357078552246e+00
1.375571727752685547e+00
1.408765316009521484e+00
1.485129356384277344e+00
1.331176877021789551e+00
1.256582260131835938e+00
1.438910484313964844e+00
1.406850814819335938e+00
1.384260177612304688e+00
1.399842500686645508e+00
3.292265534400939941e-01
3.373375535011291504e-01
3.024232685565948486e-01
1.466162681579589844e+00
3.190720677375793457e-01
1.143762826919555664e+00
3.203501105308532715e-01
1.427304029464721680e+00
1.636693716049194336e+00
1.390204071998596191e+00
3.355665802955627441e-01
1.429284811019897461e+00
1.481563568115234375e+00
9.038516283035278320e-01
2.872522473335266113e-01
1.030718207359313965e+00
3.300005197525024414e-01
1.431082606315612793e+00
3.061766922473907471e-01
3.208235204219818115e-01
1.606943011283874512e+00
1.499106407165527344e+00
1.274326801300048828e+00
1.421201944351196289e+00
1.411194562911987305e+00
1.416232585906982422e+00
1.514933228492736816e+00
1.395003080368041992e+00
1.337734460830688477e+00
1.466466903686523438e+00
1.523590087890625000e+00
1.457352042198181152e+00
1.364149451255798340e+00
1.424484252929687500e+00
1.530162930488586426e+00
1.460592269897460938e+00
1.409861803054809570e+00
1.502460122108459473e+00
1.453149199485778809e+00
1.404311418533325195e+00
1.362789392471313477e+00
1.273792028427124023e+00
1.342338562011718750e+00
1.297457337379455566e+00
1.296638131141662598e+00
1.203209877014160156e+00
1.452111005783081055e+00
1.495874643325805664e+00
1.655926465988159180e+00
1.743229389190673828e+00
1.785501599311828613e+00
1.091195821762084961e+00
3.600178062915802002e-01
1.576807737350463867e+00
1.569688677787780762e+00
1.515845775604248047e+00
4.668294191360473633e-01
3.348354697227478027e-01
3.106064796447753906e-01
1.402200222015380859e+00
1.283251523971557617e+00
3.109306693077087402e-01
2.788556218147277832e-01
3.578535318374633789e-01
2.880609035491943359e-01
3.079278469085693359e-01
1.381509780883789062e+00
1.193303346633911133e+00
1.511662483215332031e+00
1.318491220474243164e+00
1.245386004447937012e+00
1.262269496917724609e+00
1.257560491561889648e+00
1.307771086692810059e+00
1.385228991508483887e+00
1.381615042686462402e+00
1.326710462570190430e+00
1.295422792434692383e+00
1.298190593719482422e+00
1.267184972763061523e+00
1.328368782997131348e+00
1.323112845420837402e+00
1.340283632278442383e+00
1.404171109199523926e+00
1.394080638885498047e+00
1.293866991996765137e+00
1.249869227409362793e+00
1.282837271690368652e+00
1.296642541885375977e+00
1.285714387893676758e+00
1.299628019332885742e+00
1.403120517730712891e+00
1.272340774536132812e+00
1.302433967590332031e+00
1.268860101699829102e+00
1.300865650177001953e+00
1.281069874763488770e+00
1.284803867340087891e+00
1.401991963386535645e+00
1.333199858665466309e+00
1.355957627296447754e+00
1.476266741752624512e+00
1.594586253166198730e+00
1.528716683387756348e+00
1.421118497848510742e+00
1.346747636795043945e+00
1.476131916046142578e+00
1.400266408920288086e+00
1.434355735778808594e+00
1.444708347320556641e+00
1.402633666992187500e+00
1.440885186195373535e+00
1.413287281990051270e+00
1.363035917282104492e+00
1.516375780105590820e+00
1.574584603309631348e+00
1.541780829429626465e+00
1.503280878067016602e+00
1.563065767288208008e+00
1.389234781265258789e+00
1.321338653564453125e+00
1.382294774055480957e+00
1.430312991142272949e+00
1.398949384689331055e+00
1.502234816551208496e+00
1.408542871475219727e+00
1.329126834869384766e+00
1.590465903282165527e+00
1.548055171966552734e+00
1.384153366088867188e+00
1.383462071418762207e+00
1.398593902587890625e+00
1.309917211532592773e+00
1.296518445014953613e+00
1.491256475448608398e+00
1.414506673812866211e+00
1.478672862052917480e+00
1.409433484077453613e+00
1.448328375816345215e+00
1.389018297195434570e+00
1.434025883674621582e+00
1.389103889465332031e+00
1.384011745452880859e+00
1.372744202613830566e+00
1.366876125335693359e+00
1.336320400238037109e+00
1.326774597167968750e+00
1.408237576484680176e+00
1.390090942382812500e+00
1.328734040260314941e+00
1.323075890541076660e+00
1.342607617378234863e+00
1.381628036499023438e+00
1.354476213455200195e+00
1.313606977462768555e+00
1.367957592010498047e+00
1.300834655761718750e+00
1.373723506927490234e+00
1.479781270027160645e+00
1.368647456169128418e+00
1.471734523773193359e+00
1.448607444763183594e+00
1.455973029136657715e+00
1.315807342529296875e+00
1.441673755645751953e+00
1.547431826591491699e+00
1.539620399475097656e+00
1.478263378143310547e+00
1.491530179977416992e+00
1.448739528656005859e+00
1.465002059936523438e+00
1.489696621894836426e+00
1.506722450256347656e+00
1.333921909332275391e+00
1.395195007324218750e+00
1.470159292221069336e+00
1.396242976188659668e+00
1.339944601058959961e+00
1.316108107566833496e+00
1.325136065483093262e+00
1.381340742111206055e+00
1.368266582489013672e+00
1.333511948585510254e+00
1.442388772964477539e+00
1.491067647933959961e+00
1.454631209373474121e+00
1.401077866554260254e+00
1.257070302963256836e+00
1.235380887985229492e+00
1.306151151657104492e+00
1.318998813629150391e+00
1.326407790184020996e+00
1.281727552413940430e+00
1.342183589935302734e+00
1.290476799011230469e+00
1.374539375305175781e+00
1.334101438522338867e+00
1.402750968933105469e+00
1.377935647964477539e+00
1.322059392929077148e+00
1.376017689704895020e+00
1.434777975082397461e+00
1.372655868530273438e+00
1.410676717758178711e+00
1.391583681106567383e+00
1.235666155815124512e+00
1.594279170036315918e+00
1.463212966918945312e+00
1.659154176712036133e+00
1.500105381011962891e+00
1.351163744926452637e+00
1.290062665939331055e+00
1.315272569656372070e+00
1.346057653427124023e+00
1.304119586944580078e+00
1.273704171180725098e+00
1.298447489738464355e+00
1.278236508369445801e+00
1.292468786239624023e+00
1.324527978897094727e+00
1.339553475379943848e+00
1.346377611160278320e+00
1.299260020256042480e+00
1.324613690376281738e+00
1.405862331390380859e+00
1.414452314376831055e+00
1.357920527458190918e+00
1.364587664604187012e+00
1.291543245315551758e+00
1.318590641021728516e+00
1.351210951805114746e+00
1.369204878807067871e+00
1.405683755874633789e+00
1.476684689521789551e+00
1.417394161224365234e+00
1.300225973129272461e+00
1.315235376358032227e+00
1.379833936691284180e+00
1.359974861145019531e+00
1.349316596984863281e+00
1.357801079750061035e+00
1.382895350456237793e+00
1.350461125373840332e+00
1.372708559036254883e+00
1.257844686508178711e+00
1.258732795715332031e+00
1.302115321159362793e+00
1.311308383941650391e+00
1.296906709671020508e+00
1.454475879669189453e+00
1.519084572792053223e+00
1.351032495498657227e+00
1.479391098022460938e+00
1.281346559524536133e+00
1.300797939300537109e+00
1.274467706680297852e+00
1.292368769645690918e+00
1.328365802764892578e+00
1.293429017066955566e+00
1.171906232833862305e+00
1.309877276420593262e+00
1.384023070335388184e+00
1.408832073211669922e+00
1.457082152366638184e+00
1.465659141540527344e+00
1.389485120773315430e+00
1.243335962295532227e+00
1.496529936790466309e+00
1.352245569229125977e+00
1.281701207160949707e+00
1.283481478691101074e+00
1.303929924964904785e+00
1.277852416038513184e+00
1.318763375282287598e+00
1.369322419166564941e+00
1.423235416412353516e+00
1.425038576126098633e+00
1.451187133789062500e+00
1.369884133338928223e+00
1.458273172378540039e+00
1.330819129943847656e+00
1.366098284721374512e+00
1.421729207038879395e+00
1.484631538391113281e+00
1.417710781097412109e+00
1.482834458351135254e+00
1.348691701889038086e+00
1.494699716567993164e+00
1.407957315444946289e+00
1.438501715660095215e+00
1.356638669967651367e+00
1.418457388877868652e+00
1.532659530639648438e+00
1.465559005737304688e+00
1.329233169555664062e+00
1.365806102752685547e+00
1.346152901649475098e+00
1.320082426071166992e+00
1.371267557144165039e+00
1.318002223968505859e+00
1.428634762763977051e+00
1.381016969680786133e+00
1.468750476837158203e+00
1.401371479034423828e+00
1.377822279930114746e+00
1.382371902465820312e+00
1.441098809242248535e+00
1.294919013977050781e+00
1.339993119239807129e+00
1.341151714324951172e+00
1.307964563369750977e+00
1.321732163429260254e+00
1.382158517837524414e+00
1.430907607078552246e+00
1.446750044822692871e+00
1.373162865638732910e+00
1.317204594612121582e+00
1.339131712913513184e+00
1.380027532577514648e+00
1.382778048515319824e+00
1.364416480064392090e+00
1.341102242469787598e+00
1.363694071769714355e+00
1.337253808975219727e+00
1.369962215423583984e+00
1.330241918563842773e+00
1.305284738540649414e+00
1.271551847457885742e+00
1.312623620033264160e+00
1.294775605201721191e+00
1.356444001197814941e+00
1.328755021095275879e+00
1.316581368446350098e+00
1.317081212997436523e+00
1.295683145523071289e+00
1.281843900680541992e+00
1.308388710021972656e+00
1.356576561927795410e+00
1.322917819023132324e+00
1.376077771186828613e+00
1.260103940963745117e+00
1.300218701362609863e+00
1.351745128631591797e+00
1.273961186408996582e+00
1.280688285827636719e+00
1.385695219039916992e+00
1.332839131355285645e+00
1.419672608375549316e+00
1.360461473464965820e+00
1.208331584930419922e+00
1.504253983497619629e+00
1.281953573226928711e+00
3.147824108600616455e-01
1.567948698997497559e+00
3.162322640419006348e-01
1.449532866477966309e+00
1.176195263862609863e+00
1.608675122261047363e+00
1.294810533523559570e+00
1.732874035835266113e+00
3.464474380016326904e-01
1.503221035003662109e+00
5.659689903259277344e-01
1.364778280258178711e+00
1.570077538490295410e+00
1.462702512741088867e+00
4.618208706378936768e-01
1.339839935302734375e+00
1.551991462707519531e+00
3.578690290451049805e-01
1.390020966529846191e+00
1.157130002975463867e+00
1.259488940238952637e+00
1.335381865501403809e+00
1.426307082176208496e+00
1.373032689094543457e+00
1.374461889266967773e+00
1.485867977142333984e+00
1.511118531227111816e+00
1.374071836471557617e+00
1.581644892692565918e+00
1.591407537460327148e+00
1.277904152870178223e+00
1.551879167556762695e+00
1.643104791641235352e+00
1.551152706146240234e+00
3.249396681785583496e-01
1.096200346946716309e+00
1.495614290237426758e+00
1.494089245796203613e+00
1.645569443702697754e+00
3.193795680999755859e-01
1.372881054878234863e+00
1.762493133544921875e+00
1.212462663650512695e+00
1.271275162696838379e+00
1.527089953422546387e+00
1.424044251441955566e+00
1.486378192901611328e+00
1.325777769088745117e+00
1.531472921371459961e+00
1.472496271133422852e+00
1.351978063583374023e+00
1.329849720001220703e+00
1.275930762290954590e+00
1.324135899543762207e+00
1.279177308082580566e+00
1.418583154678344727e+00
1.499212622642517090e+00
1.540015935897827148e+00
1.468548178672790527e+00
1.400292992591857910e+00
1.379033565521240234e+00
1.392832159996032715e+00
1.324936509132385254e+00
1.312359094619750977e+00
1.289941549301147461e+00
1.374328732490539551e+00
1.343419551849365234e+00
1.549265027046203613e+00
1.445919275283813477e+00
1.478405237197875977e+00
1.439933419227600098e+00
1.430026531219482422e+00
1.052867054939270020e+00
1.365131616592407227e+00
1.405548453330993652e+00
1.386993408203125000e+00
1.371411800384521484e+00
1.342428326606750488e+00
1.209213495254516602e+00
1.238974213600158691e+00
1.317221045494079590e+00
1.443634629249572754e+00
1.403991937637329102e+00
1.320407390594482422e+00
1.320591688156127930e+00
1.215125083923339844e+00
1.440566182136535645e+00
1.492135167121887207e+00
1.314099550247192383e+00
1.294083833694458008e+00
1.099192261695861816e+00
1.357957601547241211e+00
1.412086129188537598e+00
1.413729906082153320e+00
1.438604474067687988e+00
1.425554037094116211e+00
1.547879457473754883e+00
1.452237963676452637e+00
1.573668360710144043e+00
1.421581029891967773e+00
2.979978919029235840e-01
1.623829364776611328e+00
1.478801488876342773e+00
1.570788621902465820e+00
1.442688822746276855e+00
1.422298789024353027e+00
1.298630475997924805e+00
1.306672930717468262e+00
1.320365071296691895e+00
1.321990251541137695e+00
1.306190013885498047e+00
1.323788642883300781e+00
1.274703860282897949e+00
1.356422901153564453e+00
1.397506475448608398e+00
1.325703144073486328e+00
1.314455986022949219e+00
1.254101991653442383e+00
1.256541848182678223e+00
1.313138961791992188e+00
1.275800228118896484e+00
1.299417495727539062e+00
1.303000330924987793e+00
1.319656610488891602e+00
1.332397460937500000e+00
1.307742953300476074e+00
1.279823064804077148e+00
1.301426768302917480e+00
1.303290605545043945e+00
1.329343795776367188e+00
1.324636459350585938e+00
1.361493468284606934e+00
1.334260225296020508e+00
1.345022439956665039e+00
1.295972943305969238e+00
1.372765541076660156e+00
1.287540197372436523e+00
1.255868911743164062e+00
1.277937769889831543e+00
1.315952181816101074e+00
1.345227241516113281e+00
1.367082953453063965e+00
1.342536926269531250e+00
1.320946335792541504e+00
1.392213940620422363e+00
1.302685499191284180e+00
1.280564546585083008e+00
1.302503824234008789e+00
1.278166770935058594e+00
1.294029474258422852e+00
1.269887566566467285e+00
1.262806177139282227e+00
1.293373942375183105e+00
1.283591985702514648e+00
1.271184682846069336e+00
1.266914844512939453e+00
1.264656543731689453e+00
1.254197239875793457e+00
1.282257437705993652e+00
1.215737104415893555e+00
1.299364566802978516e+00
1.298968076705932617e+00
1.290947675704956055e+00
1.304934620857238770e+00
1.407657146453857422e+00
1.397557258605957031e+00
1.351614832878112793e+00
1.313558340072631836e+00
1.304101824760437012e+00
1.334451436996459961e+00
1.293136119842529297e+00
1.234483599662780762e+00
1.326412320137023926e+00
1.242675662040710449e+00
1.547125577926635742e+00
3.441299200057983398e-01
3.346588015556335449e-01
2.888495624065399170e-01
3.258069455623626709e-01
3.304936885833740234e-01
2.983140349388122559e-01
2.948163151741027832e-01
3.384779989719390869e-01
1.043511390686035156e+00
3.157139718532562256e-01
2.789017558097839355e-01
3.394135832786560059e-01
3.269018232822418213e-01
3.074011504650115967e-01
3.577007055282592773e-01
3.422112464904785156e-01
2.760208845138549805e-01
3.067117333412170410e-01
3.017994761466979980e-01
3.195431530475616455e-01
2.931616902351379395e-01
3.526718318462371826e-01
3.356617987155914307e-01
3.267835676670074463e-01
1.350522994995117188e+00
3.042715787887573242e-01
3.145152628421783447e-01
3.321378529071807861e-01
3.140750825405120850e-01
3.252461254596710205e-01
3.263344466686248779e-01
1.476322412490844727e+00
3.391490578651428223e-01
3.198968470096588135e-01
3.318940997123718262e-01
3.285211920738220215e-01
3.191575407981872559e-01
3.560535609722137451e-01
3.291679024696350098e-01
1.386982679367065430e+00
9.015958905220031738e-01
3.374655544757843018e-01
3.263753652572631836e-01
8.149748444557189941e-01
1.292848825454711914e+00
2.993431389331817627e-01
3.032287359237670898e-01
1.335873842239379883e+00
9.237321615219116211e-01
1.524656534194946289e+00
1.461203217506408691e+00
1.563079595565795898e+00
1.896710395812988281e+00
3.523885309696197510e-01
1.559233903884887695e+00
1.356951713562011719e+00
1.646548151969909668e+00
2.911595106124877930e-01
1.553493261337280273e+00
1.673328518867492676e+00
1.792297124862670898e+00
1.772881865501403809e+00
3.477200865745544434e-01
1.636206626892089844e+00
3.158632814884185791e-01
1.436995148658752441e+00
1.142051696777343750e+00
1.564502716064453125e+00
1.612557888031005859e+00
3.432869315147399902e-01
1.618753075599670410e+00
2.022135734558105469e+00
1.904560565948486328e+00
7.596032023429870605e-01
1.678537726402282715e+00
3.274003863334655762e-01
1.271316766738891602e+00
1.330285549163818359e+00
1.172149777412414551e+00
1.439588785171508789e+00
1.548367977142333984e+00
1.490816712379455566e+00
1.428476333618164062e+00
1.475577712059020996e+00
1.439674735069274902e+00
1.544872522354125977e+00
1.505121946334838867e+00
1.296547412872314453e+00
1.403216838836669922e+00
1.377662420272827148e+00
1.414033412933349609e+00
1.276983380317687988e+00
3.195661306381225586e-01
1.369720101356506348e+00
1.371083855628967285e+00
1.462090611457824707e+00
1.630065560340881348e+00
3.306930959224700928e-01
1.617514610290527344e+00
1.087963819503784180e+00
1.618536472320556641e+00
1.407110333442687988e+00
1.374242067337036133e+00
1.378738880157470703e+00
1.349083542823791504e+00
2.842022180557250977e-01
1.220317602157592773e+00
1.391848683357238770e+00
1.509990334510803223e+00
1.036863923072814941e+00
1.249319076538085938e+00
1.365818619728088379e+00
1.472619891166687012e+00
1.372870087623596191e+00
1.358845710754394531e+00
1.403495550155639648e+00
1.435659289360046387e+00
1.326367735862731934e+00
1.428719639778137207e+00
1.351520776748657227e+00
1.458489298820495605e+00
1.372761487960815430e+00
1.229498744010925293e+00
1.436688423156738281e+00
