1.634717702865600586e+00
1.497759819030761719e+00
1.436201691627502441e+00
1.224511981010437012e+00
1.306999564170837402e+00
1.545983433723449707e+00
1.114825248718261719e+00
1.057682275772094727e+00
9.724678993225097656e-01
9.820405244827270508e-01
9.699116349220275879e-01
1.118980169296264648e+00
1.150452256202697754e+00
1.255371928215026855e+00
1.119250416755676270e+00
1.063366651535034180e+00
1.293311715126037598e+00
1.107512116432189941e+00
1.087899208068847656e+00
1.229279637336730957e+00
9.819977283477783203e-01
1.046514153480529785e+00
1.066054105758666992e+00
1.168361067771911621e+00
1.037443280220031738e+00
1.027627110481262207e+00
1.195340991020202637e+00
1.073709249496459961e+00
1.032717823982238770e+00
1.066926002502441406e+00
1.030843019485473633e+00
1.033288836479187012e+00
1.066740512847900391e+00
9.824721217155456543e-01
2.982077300548553467e-01
1.356137633323669434e+00
1.329489946365356445e+00
1.214689135551452637e+00
1.315788149833679199e+00
1.187642812728881836e+00
1.165714263916015625e+00
1.181146025657653809e+00
1.217479586601257324e+00
1.193771958351135254e+00
1.598368287086486816e+00
1.298269033432006836e+00
1.245919466018676758e+00
1.113345861434936523e+00
1.100826978683471680e+00
1.034310102462768555e+00
1.161608934402465820e+00
1.154032707214355469e+00
1.175642609596252441e+00
1.084755897521972656e+00
1.124601364135742188e+00
1.152986764907836914e+00
1.171539902687072754e+00
1.085810184478759766e+00
1.067537188529968262e+00
1.035959243774414062e+00
1.115981817245483398e+00
1.166162371635437012e+00
1.432262301445007324e+00
1.277773857116699219e+00
1.184375882148742676e+00
1.133709311485290527e+00
1.191725850105285645e+00
1.595965504646301270e+00
1.692476272583007812e+00
5.770265460014343262e-01
1.067978978157043457e+00
9.474924802780151367e-01
1.019100427627563477e+00
1.029334545135498047e+00
1.058893918991088867e+00
1.040579438209533691e+00
1.100242495536804199e+00
1.019512891769409180e+00
1.359419584274291992e+00
1.380681276321411133e+00
1.388724684715270996e+00
1.100419044494628906e+00
1.173101425170898438e+00
9.546047449111938477e-01
1.026078224182128906e+00
1.102633237838745117e+00
1.091883420944213867e+00
1.064735889434814453e+00
1.055959463119506836e+00
1.041645526885986328e+00
1.029939413070678711e+00
1.029433488845825195e+00
1.075538158416748047e+00
9.992821812629699707e-01
9.873529076576232910e-01
1.043955802917480469e+00
1.053878903388977051e+00
1.054673194885253906e+00
1.026907920837402344e+00
1.024646282196044922e+00
9.660688638687133789e-01
1.027042508125305176e+00
1.132337331771850586e+00
1.007137537002563477e+00
9.960268735885620117e-01
9.976807236671447754e-01
1.036587953567504883e+00
1.048571586608886719e+00
1.014954209327697754e+00
1.042910456657409668e+00
1.016289949417114258e+00
9.306378960609436035e-01
1.013775706291198730e+00
1.085180878639221191e+00
1.051801204681396484e+00
1.007124900817871094e+00
1.044918537139892578e+00
1.076478481292724609e+00
9.864010810852050781e-01
1.083642601966857910e+00
1.042805552482604980e+00
1.034754991531372070e+00
1.040391445159912109e+00
3.203872144222259521e-01
1.130642652511596680e+00
1.198846101760864258e+00
1.178548574447631836e+00
1.112442493438720703e+00
1.016282558441162109e+00
1.052194476127624512e+00
9.818965792655944824e-01
1.250075817108154297e+00
1.114184498786926270e+00
1.136222600936889648e+00
1.056060552597045898e+00
1.057418823242187500e+00
1.026019096374511719e+00
1.099464893341064453e+00
1.109178185462951660e+00
1.257757663726806641e+00
1.180260181427001953e+00
1.382586240768432617e+00
1.147489309310913086e+00
1.215169191360473633e+00
1.311197757720947266e+00
1.131895542144775391e+00
1.253010988235473633e+00
1.208619713783264160e+00
9.754613041877746582e-01
1.071044921875000000e+00
1.212571978569030762e+00
2.875519096851348877e-01
1.631833791732788086e+00
1.091111183166503906e+00
1.181748270988464355e+00
1.218835115432739258e+00
1.243869900703430176e+00
1.240509152412414551e+00
1.139023065567016602e+00
1.078754186630249023e+00
1.067112207412719727e+00
1.156153798103332520e+00
1.188882827758789062e+00
1.182777404785156250e+00
1.194196462631225586e+00
1.160196542739868164e+00
1.194814801216125488e+00
1.221314430236816406e+00
1.219466447830200195e+00
1.172057032585144043e+00
1.022542238235473633e+00
1.042034864425659180e+00
1.024789333343505859e+00
1.037860751152038574e+00
1.032794237136840820e+00
1.019268751144409180e+00
1.039226531982421875e+00
1.011001825332641602e+00
1.019164562225341797e+00
1.042822480201721191e+00
1.212982535362243652e+00
1.096039652824401855e+00
1.037361025810241699e+00
3.499448895454406738e-01
1.262177705764770508e+00
1.165581345558166504e+00
1.214139223098754883e+00
1.171705842018127441e+00
1.269979119300842285e+00
1.370726943016052246e+00
1.381486773490905762e+00
1.114755988121032715e+00
1.027203083038330078e+00
1.047610521316528320e+00
1.020091533660888672e+00
1.021725296974182129e+00
1.061876535415649414e+00
1.092656135559082031e+00
1.221291422843933105e+00
1.152218937873840332e+00
1.187586069107055664e+00
1.239087104797363281e+00
1.081297636032104492e+00
1.192916274070739746e+00
1.207592964172363281e+00
1.081633210182189941e+00
1.060363292694091797e+00
1.032183408737182617e+00
1.167857885360717773e+00
1.045212984085083008e+00
1.043484926223754883e+00
1.024754524230957031e+00
1.023330211639404297e+00
1.074227809906005859e+00
1.080513954162597656e+00
1.173810243606567383e+00
1.242398262023925781e+00
1.192191720008850098e+00
1.141076683998107910e+00
1.101432561874389648e+00
1.111085653305053711e+00
1.030222177505493164e+00
1.070138931274414062e+00
1.081909656524658203e+00
1.072117805480957031e+00
1.041248321533203125e+00
1.060136914253234863e+00
1.053597927093505859e+00
1.072476267814636230e+00
1.066541671752929688e+00
1.026683568954467773e+00
1.079012155532836914e+00
1.033431291580200195e+00
1.021552562713623047e+00
1.030738711357116699e+00
1.119106054306030273e+00
1.174737453460693359e+00
1.045786499977111816e+00
1.039495706558227539e+00
1.069963455200195312e+00
1.029824495315551758e+00
1.053485155105590820e+00
1.062708973884582520e+00
1.032607436180114746e+00
1.035351634025573730e+00
1.038498878479003906e+00
1.116940617561340332e+00
1.067359685897827148e+00
1.188372492790222168e+00
1.252040743827819824e+00
1.395737290382385254e+00
1.220375657081604004e+00
1.217657923698425293e+00
1.078407049179077148e+00
1.048601865768432617e+00
1.054593324661254883e+00
1.101422548294067383e+00
1.061553955078125000e+00
1.042115449905395508e+00
1.060271024703979492e+00
9.802350997924804688e-01
1.040460586547851562e+00
1.218690156936645508e+00
1.053379535675048828e+00
1.061328649520874023e+00
1.059167623519897461e+00
1.024760246276855469e+00
1.037366986274719238e+00
1.332230210304260254e+00
1.354006052017211914e+00
1.062971353530883789e+00
1.082304000854492188e+00
1.053107738494873047e+00
1.053302288055419922e+00
1.068557500839233398e+00
1.053727984428405762e+00
1.007619142532348633e+00
1.111759662628173828e+00
1.070668458938598633e+00
1.110455513000488281e+00
1.248623013496398926e+00
1.057752370834350586e+00
1.052944540977478027e+00
1.081876993179321289e+00
1.069829940795898438e+00
1.042377710342407227e+00
1.058998823165893555e+00
1.064352035522460938e+00
1.035127282142639160e+00
1.060304045677185059e+00
1.053489923477172852e+00
1.057832956314086914e+00
1.342443227767944336e+00
1.246190547943115234e+00
1.134960293769836426e+00
1.064174175262451172e+00
1.178148031234741211e+00
1.030661821365356445e+00
1.062726259231567383e+00
1.110295176506042480e+00
1.067538261413574219e+00
1.221718549728393555e+00
1.215896487236022949e+00
1.277587652206420898e+00
1.291151642799377441e+00
1.243828892707824707e+00
1.223287940025329590e+00
1.172246217727661133e+00
1.199586272239685059e+00
1.136591434478759766e+00
1.156614065170288086e+00
1.035697102546691895e+00
1.041420221328735352e+00
1.058536052703857422e+00
1.048455953598022461e+00
1.063554167747497559e+00
1.066919565200805664e+00
1.049123644828796387e+00
1.082070589065551758e+00
1.175014853477478027e+00
1.151747822761535645e+00
1.148168325424194336e+00
1.061674594879150391e+00
1.066815018653869629e+00
1.079464077949523926e+00
1.098157167434692383e+00
1.060650110244750977e+00
1.052887678146362305e+00
1.033927321434020996e+00
1.038942575454711914e+00
1.046219825744628906e+00
1.036842942237854004e+00
1.059690356254577637e+00
1.096784830093383789e+00
1.043354153633117676e+00
1.032821416854858398e+00
1.051987409591674805e+00
1.110795974731445312e+00
1.085804224014282227e+00
1.034638762474060059e+00
1.048812150955200195e+00
1.029851675033569336e+00
1.046757340431213379e+00
1.060789346694946289e+00
9.962773323059082031e-01
1.034230232238769531e+00
1.066837549209594727e+00
1.064523220062255859e+00
1.094018697738647461e+00
1.186198830604553223e+00
1.336549520492553711e+00
1.176372289657592773e+00
1.230585932731628418e+00
1.031956315040588379e+00
1.043271064758300781e+00
1.016539931297302246e+00
1.073074698448181152e+00
1.047904014587402344e+00
1.053511738777160645e+00
1.019487619400024414e+00
1.028188467025756836e+00
1.044352293014526367e+00
1.053892850875854492e+00
1.075359225273132324e+00
1.038359284400939941e+00
1.235832333564758301e+00
1.176676034927368164e+00
1.165745139122009277e+00
1.266358852386474609e+00
1.040289640426635742e+00
1.044710516929626465e+00
1.061516523361206055e+00
1.029913425445556641e+00
1.054275512695312500e+00
1.062899351119995117e+00
1.045966148376464844e+00
1.023052692413330078e+00
1.039994239807128906e+00
1.147817254066467285e+00
1.073570132255554199e+00
1.005036354064941406e+00
1.063894987106323242e+00
1.023810863494873047e+00
1.060254096984863281e+00
1.063373327255249023e+00
1.022274613380432129e+00
1.012584209442138672e+00
1.041132807731628418e+00
1.095560908317565918e+00
1.078091740608215332e+00
1.071333408355712891e+00
1.036564826965332031e+00
1.055298566818237305e+00
1.059297561645507812e+00
1.055784821510314941e+00
1.055112600326538086e+00
1.185397982597351074e+00
1.192049145698547363e+00
1.030589342117309570e+00
1.029057979583740234e+00
1.051319122314453125e+00
1.069986581802368164e+00
1.136933803558349609e+00
1.112150311470031738e+00
1.119538903236389160e+00
1.054433345794677734e+00
1.027884483337402344e+00
1.128629565238952637e+00
1.251459360122680664e+00
1.194807529449462891e+00
1.025613188743591309e+00
1.039878606796264648e+00
1.027498245239257812e+00
1.060719490051269531e+00
1.086519956588745117e+00
1.039465665817260742e+00
1.038665294647216797e+00
1.020556449890136719e+00
1.092757225036621094e+00
1.290856122970581055e+00
1.045193672180175781e+00
1.051011085510253906e+00
1.252666354179382324e+00
1.190284252166748047e+00
1.285712122917175293e+00
1.054594278335571289e+00
1.115054726600646973e+00
1.030584573745727539e+00
1.033080101013183594e+00
1.032936811447143555e+00
1.064045667648315430e+00
1.075422286987304688e+00
1.038985729217529297e+00
1.038249254226684570e+00
1.036796092987060547e+00
1.244629144668579102e+00
1.177997827529907227e+00
9.970973134040832520e-01
1.046852469444274902e+00
1.062597751617431641e+00
1.061607837677001953e+00
1.028624415397644043e+00
1.038065195083618164e+00
1.059325337409973145e+00
1.073340892791748047e+00
1.083267450332641602e+00
1.085131168365478516e+00
1.047719240188598633e+00
1.146258592605590820e+00
1.176139354705810547e+00
1.056622028350830078e+00
1.055622100830078125e+00
1.118109703063964844e+00
1.011804223060607910e+00
1.004276514053344727e+00
1.036564111709594727e+00
1.098380327224731445e+00
1.065476298332214355e+00
1.062125325202941895e+00
1.088035583496093750e+00
1.055182218551635742e+00
1.010288596153259277e+00
1.232944726943969727e+00
1.368361711502075195e+00
1.290186762809753418e+00
1.232312560081481934e+00
1.148816943168640137e+00
9.919644594192504883e-01
1.006849288940429688e+00
1.070472478866577148e+00
1.018942356109619141e+00
1.028742313385009766e+00
1.066577672958374023e+00
1.082809090614318848e+00
1.065609335899353027e+00
1.073926568031311035e+00
1.077090859413146973e+00
1.010261774063110352e+00
1.070514440536499023e+00
1.302399396896362305e+00
1.274306654930114746e+00
1.401719927787780762e+00
1.095864415168762207e+00
1.121920585632324219e+00
1.078855276107788086e+00
1.054122924804687500e+00
1.072951197624206543e+00
1.032655358314514160e+00
1.028375864028930664e+00
1.048301458358764648e+00
1.070617675781250000e+00
1.049506902694702148e+00
1.074321866035461426e+00
1.053226709365844727e+00
1.026763916015625000e+00
1.026248216629028320e+00
1.042457342147827148e+00
1.045225143432617188e+00
1.062959909439086914e+00
1.056159734725952148e+00
1.040475606918334961e+00
1.047068715095520020e+00
1.033572435379028320e+00
1.045716524124145508e+00
1.042405009269714355e+00
1.052836775779724121e+00
1.055811405181884766e+00
1.189666748046875000e+00
1.143973827362060547e+00
1.063620567321777344e+00
1.107683777809143066e+00
1.102540731430053711e+00
1.074814200401306152e+00
1.057919025421142578e+00
1.075305342674255371e+00
1.026738405227661133e+00
1.061769008636474609e+00
1.055545568466186523e+00
1.067947149276733398e+00
1.058599948883056641e+00
1.037053704261779785e+00
1.128414154052734375e+00
1.148674607276916504e+00
1.103698372840881348e+00
1.063690900802612305e+00
1.062531232833862305e+00
1.095700979232788086e+00
1.086769819259643555e+00
1.028668165206909180e+00
1.127342104911804199e+00
1.312303543090820312e+00
1.341665267944335938e+00
1.331560492515563965e+00
1.058690190315246582e+00
1.056088328361511230e+00
1.055297493934631348e+00
1.067223310470581055e+00
1.062119007110595703e+00
1.019451856613159180e+00
1.019094467163085938e+00
1.087398052215576172e+00
1.065300345420837402e+00
1.081887364387512207e+00
1.032572746276855469e+00
1.048567652702331543e+00
1.044381380081176758e+00
1.185803294181823730e+00
1.031648874282836914e+00
1.162571430206298828e+00
1.281899094581604004e+00
1.030663132667541504e+00
1.039150118827819824e+00
1.040638804435729980e+00
1.091655850410461426e+00
1.069792985916137695e+00
1.086111903190612793e+00
1.057388067245483398e+00
1.080104351043701172e+00
1.065411210060119629e+00
1.071862697601318359e+00
1.051926732063293457e+00
1.049097061157226562e+00
1.079783678054809570e+00
1.066406726837158203e+00
1.040220737457275391e+00
1.076086282730102539e+00
1.063237428665161133e+00
1.059206247329711914e+00
1.046413898468017578e+00
1.046550750732421875e+00
1.011652946472167969e+00
9.978004693984985352e-01
1.073487281799316406e+00
1.049922704696655273e+00
1.053157091140747070e+00
1.056744098663330078e+00
1.355142712593078613e+00
1.363371849060058594e+00
1.066379904747009277e+00
1.045581579208374023e+00
1.052956938743591309e+00
1.059925317764282227e+00
1.149797797203063965e+00
1.381701231002807617e+00
1.017312288284301758e+00
1.085961461067199707e+00
1.064775109291076660e+00
1.084101676940917969e+00
1.054255485534667969e+00
1.021172761917114258e+00
1.042476892471313477e+00
1.048637151718139648e+00
1.044588208198547363e+00
1.043742537498474121e+00
1.271816372871398926e+00
1.045496821403503418e+00
1.258621096611022949e+00
1.063962459564208984e+00
1.011731863021850586e+00
1.064532518386840820e+00
1.071593403816223145e+00
1.242938041687011719e+00
1.414511084556579590e+00
1.195531964302062988e+00
1.197764873504638672e+00
1.094101667404174805e+00
1.023274660110473633e+00
1.040159106254577637e+00
1.073989391326904297e+00
1.072759509086608887e+00
1.089751243591308594e+00
1.087321162223815918e+00
1.085041522979736328e+00
1.102366447448730469e+00
1.059978008270263672e+00
1.080345273017883301e+00
1.001121401786804199e+00
1.066833496093750000e+00
1.215601444244384766e+00
1.074931621551513672e+00
1.045574665069580078e+00
1.060950398445129395e+00
1.094986438751220703e+00
1.026785016059875488e+00
1.020025968551635742e+00
1.044194459915161133e+00
1.093383550643920898e+00
1.077896475791931152e+00
1.079815387725830078e+00
1.021298170089721680e+00
1.076137423515319824e+00
1.064838409423828125e+00
1.050950288772583008e+00
1.038032770156860352e+00
1.054046630859375000e+00
9.967869520187377930e-01
1.099218845367431641e+00
1.143239498138427734e+00
1.402054905891418457e+00
1.350691080093383789e+00
1.255019068717956543e+00
1.288740992546081543e+00
1.046708583831787109e+00
1.082781553268432617e+00
1.069550037384033203e+00
1.088013768196105957e+00
1.080178856849670410e+00
1.068695068359375000e+00
1.032912492752075195e+00
1.052028417587280273e+00
1.058872938156127930e+00
1.050687074661254883e+00
1.068985223770141602e+00
1.039450645446777344e+00
1.029905557632446289e+00
1.159711718559265137e+00
1.029371976852416992e+00
1.015268802642822266e+00
1.033080101013183594e+00
1.084024667739868164e+00
1.053934812545776367e+00
1.032834887504577637e+00
1.049376726150512695e+00
1.058300495147705078e+00
1.097684860229492188e+00
1.045769929885864258e+00
1.081954717636108398e+00
1.060221672058105469e+00
1.171866297721862793e+00
1.301177740097045898e+00
1.190177917480468750e+00
1.197965383529663086e+00
1.069165945053100586e+00
1.052545070648193359e+00
1.066542625427246094e+00
1.046623587608337402e+00
1.048757791519165039e+00
1.035524010658264160e+00
9.786367416381835938e-01
1.028572559356689453e+00
1.039957046508789062e+00
1.126742005348205566e+00
1.047058820724487305e+00
1.048627018928527832e+00
1.044422745704650879e+00
1.102608323097229004e+00
1.059732437133789062e+00
1.141679525375366211e+00
1.153090715408325195e+00
1.193565368652343750e+00
1.184160351753234863e+00
1.055069923400878906e+00
1.038977861404418945e+00
1.026986598968505859e+00
9.928029179573059082e-01
9.863701462745666504e-01
1.055658102035522461e+00
1.068953871726989746e+00
1.004599571228027344e+00
1.045676708221435547e+00
1.102162837982177734e+00
1.186388015747070312e+00
1.341412901878356934e+00
1.412241816520690918e+00
1.186902642250061035e+00
1.360277533531188965e+00
1.082008242607116699e+00
1.057796955108642578e+00
1.045519590377807617e+00
1.064776897430419922e+00
1.062101483345031738e+00
1.026261806488037109e+00
1.022323966026306152e+00
1.046733379364013672e+00
1.067305922508239746e+00
1.069431781768798828e+00
1.233992695808410645e+00
1.233557224273681641e+00
1.513254046440124512e+00
1.250280618667602539e+00
1.238083600997924805e+00
1.012048244476318359e+00
1.030294179916381836e+00
1.021212935447692871e+00
1.063379764556884766e+00
1.071299791336059570e+00
1.046700119972229004e+00
1.079027414321899414e+00
1.061289310455322266e+00
1.059951782226562500e+00
1.120382428169250488e+00
1.025336503982543945e+00
1.060167670249938965e+00
1.113664388656616211e+00
1.137420415878295898e+00
1.036818981170654297e+00
1.012410879135131836e+00
1.052519559860229492e+00
1.070669412612915039e+00
1.072401762008666992e+00
1.021980285644531250e+00
1.067389488220214844e+00
1.047870993614196777e+00
1.057498574256896973e+00
1.062964916229248047e+00
1.029736518859863281e+00
1.023649930953979492e+00
1.049228429794311523e+00
1.049009561538696289e+00
1.069394111633300781e+00
1.038417816162109375e+00
1.096603035926818848e+00
1.033914685249328613e+00
1.017491459846496582e+00
1.043889760971069336e+00
1.048268198966979980e+00
1.141004443168640137e+00
1.151828765869140625e+00
1.343348026275634766e+00
1.318942308425903320e+00
1.037599086761474609e+00
1.053345680236816406e+00
1.062016367912292480e+00
1.035044431686401367e+00
1.108299493789672852e+00
1.034120798110961914e+00
1.094900965690612793e+00
1.040742516517639160e+00
1.076881766319274902e+00
1.079645633697509766e+00
1.059297800064086914e+00
1.170558333396911621e+00
1.245076060295104980e+00
1.227380871772766113e+00
1.019696950912475586e+00
1.040212869644165039e+00
1.046455383300781250e+00
1.080154657363891602e+00
1.038281083106994629e+00
1.054812908172607422e+00
1.058611154556274414e+00
1.049294710159301758e+00
1.045880317687988281e+00
1.061662554740905762e+00
1.081959843635559082e+00
1.305667400360107422e+00
1.313696861267089844e+00
1.030612468719482422e+00
1.095000743865966797e+00
1.041084170341491699e+00
1.030673623085021973e+00
1.028954744338989258e+00
1.050803899765014648e+00
1.075540065765380859e+00
9.888845682144165039e-01
1.041300535202026367e+00
1.090607643127441406e+00
1.025902271270751953e+00
1.225595116615295410e+00
1.127479076385498047e+00
1.328843235969543457e+00
1.187834620475769043e+00
1.193249583244323730e+00
1.080233216285705566e+00
1.082134723663330078e+00
1.067174196243286133e+00
1.066068649291992188e+00
1.062124133110046387e+00
1.101360440254211426e+00
1.055005908012390137e+00
1.058953046798706055e+00
1.072510957717895508e+00
1.047339081764221191e+00
1.067973971366882324e+00
1.117626905441284180e+00
1.034802794456481934e+00
1.053661346435546875e+00
1.039218783378601074e+00
1.084821939468383789e+00
1.070479989051818848e+00
1.068768620491027832e+00
1.007572054862976074e+00
1.046762943267822266e+00
1.064636945724487305e+00
1.053615331649780273e+00
1.067500710487365723e+00
1.045216083526611328e+00
1.062851428985595703e+00
1.041314125061035156e+00
1.048802137374877930e+00
1.024259090423583984e+00
1.045787215232849121e+00
1.027230024337768555e+00
1.054236650466918945e+00
1.056615352630615234e+00
1.118561267852783203e+00
1.110484004020690918e+00
1.041715741157531738e+00
1.065790057182312012e+00
1.029616832733154297e+00
1.052306413650512695e+00
1.043191909790039062e+00
1.086296319961547852e+00
1.092253684997558594e+00
1.159179925918579102e+00
1.058982729911804199e+00
1.062443852424621582e+00
1.086914062500000000e+00
1.210510253906250000e+00
1.219363451004028320e+00
1.060870885848999023e+00
1.026335597038269043e+00
1.067226648330688477e+00
1.074974894523620605e+00
1.058709144592285156e+00
1.052927374839782715e+00
1.063270568847656250e+00
1.044511675834655762e+00
1.171564579010009766e+00
1.169034242630004883e+00
1.260470390319824219e+00
1.268981337547302246e+00
1.057238817214965820e+00
1.054235219955444336e+00
1.015393257141113281e+00
1.013711690902709961e+00
1.055674314498901367e+00
1.075513124465942383e+00
1.018410205841064453e+00
1.052523612976074219e+00
1.075472593307495117e+00
1.044453620910644531e+00
1.044801235198974609e+00
1.078478813171386719e+00
1.086204290390014648e+00
1.277485013008117676e+00
1.233112335205078125e+00
1.329215645790100098e+00
1.371445417404174805e+00
9.999911785125732422e-01
1.095713376998901367e+00
1.065784692764282227e+00
1.054871320724487305e+00
1.100361466407775879e+00
1.052782773971557617e+00
1.064969539642333984e+00
1.035257816314697266e+00
1.051307201385498047e+00
1.069550514221191406e+00
1.072053194046020508e+00
1.227918624877929688e+00
1.037341594696044922e+00
1.041074275970458984e+00
1.045444846153259277e+00
1.055944323539733887e+00
1.055815935134887695e+00
1.265533208847045898e+00
1.197352528572082520e+00
1.387432098388671875e+00
1.304959774017333984e+00
1.132487177848815918e+00
1.070640802383422852e+00
1.024974107742309570e+00
1.051954984664916992e+00
1.061733007431030273e+00
1.120857238769531250e+00
1.016310930252075195e+00
1.109358429908752441e+00
1.070206642150878906e+00
1.060857772827148438e+00
1.064380645751953125e+00
1.275806903839111328e+00
1.309623956680297852e+00
1.080016613006591797e+00
1.057429552078247070e+00
1.051705837249755859e+00
1.029509782791137695e+00
1.045416593551635742e+00
1.059716701507568359e+00
1.043758511543273926e+00
1.058729410171508789e+00
1.073516607284545898e+00
1.062119007110595703e+00
1.063608884811401367e+00
1.052112817764282227e+00
1.056434392929077148e+00
1.029723405838012695e+00
1.048617362976074219e+00
1.307547092437744141e+00
1.307807683944702148e+00
1.045572996139526367e+00
1.090361595153808594e+00
1.039669394493103027e+00
1.027132272720336914e+00
1.053241014480590820e+00
1.072729587554931641e+00
1.051040291786193848e+00
1.045886397361755371e+00
1.075646400451660156e+00
1.187385082244873047e+00
1.037825703620910645e+00
1.058913946151733398e+00
1.090312719345092773e+00
1.300780653953552246e+00
1.029710531234741211e+00
1.055042743682861328e+00
1.040429711341857910e+00
1.062276363372802734e+00
1.043185949325561523e+00
1.065977454185485840e+00
1.010187625885009766e+00
1.019638061523437500e+00
1.035513877868652344e+00
1.053442001342773438e+00
1.347474694252014160e+00
1.304963707923889160e+00
1.329395532608032227e+00
1.209296584129333496e+00
1.070961475372314453e+00
1.039330244064331055e+00
1.064394474029541016e+00
1.078029870986938477e+00
1.023374795913696289e+00
1.060722947120666504e+00
1.087211012840270996e+00
1.068243861198425293e+00
1.071926474571228027e+00
1.045195579528808594e+00
1.101251840591430664e+00
1.190633535385131836e+00
1.072111606597900391e+00
1.183679461479187012e+00
1.263913750648498535e+00
1.202763676643371582e+00
1.259560942649841309e+00
1.120406150817871094e+00
1.037661433219909668e+00
1.092949867248535156e+00
1.053192257881164551e+00
1.079830408096313477e+00
1.056274294853210449e+00
1.032320499420166016e+00
1.077669620513916016e+00
1.020726919174194336e+00
1.068846940994262695e+00
1.319201946258544922e+00
1.063954114913940430e+00
1.041092157363891602e+00
1.059252738952636719e+00
1.056797266006469727e+00
1.038497090339660645e+00
1.060954928398132324e+00
1.019875645637512207e+00
1.074989318847656250e+00
1.041306614875793457e+00
1.078801512718200684e+00
1.060392141342163086e+00
1.072834134101867676e+00
1.031503200531005859e+00
1.060836553573608398e+00
1.049794912338256836e+00
1.035948276519775391e+00
1.022467494010925293e+00
1.063958644866943359e+00
1.074460625648498535e+00
1.086632490158081055e+00
1.098716497421264648e+00
1.088016033172607422e+00
1.319832563400268555e+00
1.143921613693237305e+00
1.382282137870788574e+00
1.044058799743652344e+00
1.116111516952514648e+00
1.046793222427368164e+00
1.065473318099975586e+00
1.073613762855529785e+00
1.067785263061523438e+00
1.045396685600280762e+00
1.071956515312194824e+00
1.064468383789062500e+00
1.053114533424377441e+00
1.043468952178955078e+00
1.064108371734619141e+00
1.022944688796997070e+00
1.061283588409423828e+00
1.092881560325622559e+00
1.123837947845458984e+00
1.051145195960998535e+00
1.044668912887573242e+00
1.114275574684143066e+00
1.033655524253845215e+00
1.055678129196166992e+00
1.059127449989318848e+00
1.063606739044189453e+00
1.049788951873779297e+00
1.026472330093383789e+00
1.247259140014648438e+00
1.101892709732055664e+00
1.257158398628234863e+00
1.073043107986450195e+00
1.050074815750122070e+00
1.084631562232971191e+00
1.025582075119018555e+00
1.082004785537719727e+00
1.067205429077148438e+00
1.087880849838256836e+00
1.067728519439697266e+00
1.021094202995300293e+00
1.040688157081604004e+00
1.083374381065368652e+00
1.205490350723266602e+00
1.267165422439575195e+00
1.084915161132812500e+00
1.055839657783508301e+00
1.100877761840820312e+00
1.070646286010742188e+00
1.071083903312683105e+00
1.064452409744262695e+00
1.027762889862060547e+00
1.041100740432739258e+00
1.040334701538085938e+00
1.058717012405395508e+00
1.051291108131408691e+00
1.047279834747314453e+00
1.063772082328796387e+00
1.124907612800598145e+00
1.111609697341918945e+00
1.051671385765075684e+00
1.046585083007812500e+00
1.060006022453308105e+00
1.049590826034545898e+00
1.082580685615539551e+00
1.029861211776733398e+00
1.043734550476074219e+00
1.053118228912353516e+00
1.067372083663940430e+00
1.095311164855957031e+00
1.245485544204711914e+00
1.345432877540588379e+00
1.278749942779541016e+00
1.141062021255493164e+00
1.042629003524780273e+00
1.098529100418090820e+00
1.047311544418334961e+00
1.043479919433593750e+00
1.045512437820434570e+00
1.012999892234802246e+00
1.051653742790222168e+00
1.031355381011962891e+00
1.055047631263732910e+00
1.364538669586181641e+00
1.264929175376892090e+00
1.358317136764526367e+00
1.139914274215698242e+00
1.073926448822021484e+00
1.023030281066894531e+00
1.047439932823181152e+00
1.029590606689453125e+00
1.016391277313232422e+00
1.064028263092041016e+00
1.064908385276794434e+00
1.119254827499389648e+00
1.061273336410522461e+00
1.057930946350097656e+00
1.106596231460571289e+00
1.036875486373901367e+00
1.100718855857849121e+00
1.054723024368286133e+00
1.117853999137878418e+00
1.076421618461608887e+00
1.078337550163269043e+00
1.072361946105957031e+00
1.077204227447509766e+00
1.079238653182983398e+00
1.055847764015197754e+00
1.068641424179077148e+00
1.064137458801269531e+00
1.062267541885375977e+00
1.050195932388305664e+00
1.060104608535766602e+00
1.064933061599731445e+00
1.073193430900573730e+00
1.037363290786743164e+00
1.062986731529235840e+00
1.049205780029296875e+00
1.073394656181335449e+00
1.091129302978515625e+00
1.052952527999877930e+00
1.160696148872375488e+00
1.316696524620056152e+00
1.344279646873474121e+00
1.140503764152526855e+00
1.272516131401062012e+00
1.081852197647094727e+00
1.072464704513549805e+00
1.045716047286987305e+00
1.048867940902709961e+00
1.057049751281738281e+00
1.043128728866577148e+00
1.043027400970458984e+00
1.041078090667724609e+00
1.068679571151733398e+00
1.047372817993164062e+00
1.089931726455688477e+00
1.045961976051330566e+00
1.086552739143371582e+00
1.033882260322570801e+00
1.058170318603515625e+00
1.245854973793029785e+00
1.284330964088439941e+00
1.102079749107360840e+00
1.273022651672363281e+00
1.270022392272949219e+00
1.097662687301635742e+00
1.050868988037109375e+00
1.037566900253295898e+00
1.063671112060546875e+00
1.061475038528442383e+00
1.101107358932495117e+00
1.057841062545776367e+00
1.100118517875671387e+00
1.024633407592773438e+00
1.103068232536315918e+00
1.069462656974792480e+00
1.050132870674133301e+00
1.078791260719299316e+00
1.013062477111816406e+00
1.073928594589233398e+00
1.087950468063354492e+00
1.073386669158935547e+00
1.083024859428405762e+00
1.043069124221801758e+00
1.065730333328247070e+00
1.014001369476318359e+00
1.055836081504821777e+00
1.051521062850952148e+00
1.172385215759277344e+00
1.321510672569274902e+00
1.287435650825500488e+00
1.204701185226440430e+00
1.186266183853149414e+00
1.019442081451416016e+00
1.034313201904296875e+00
1.106751918792724609e+00
1.081985235214233398e+00
1.061223983764648438e+00
1.054368019104003906e+00
1.045402884483337402e+00
1.045117616653442383e+00
1.055114746093750000e+00
1.063973188400268555e+00
1.045897483825683594e+00
1.055539727210998535e+00
1.033245801925659180e+00
1.061002373695373535e+00
1.106427192687988281e+00
1.272929906845092773e+00
1.180957317352294922e+00
1.293196678161621094e+00
1.011808633804321289e+00
1.079739451408386230e+00
1.065326929092407227e+00
1.084321737289428711e+00
1.050061225891113281e+00
1.048480033874511719e+00
1.074172258377075195e+00
1.057060480117797852e+00
1.046007037162780762e+00
1.044073462486267090e+00
1.047769546508789062e+00
1.109075069427490234e+00
1.222346186637878418e+00
1.039552211761474609e+00
1.053176403045654297e+00
1.026945590972900391e+00
1.039261221885681152e+00
1.100565195083618164e+00
1.076151609420776367e+00
1.076092720031738281e+00
1.061018228530883789e+00
1.115056276321411133e+00
1.280279874801635742e+00
1.100448489189147949e+00
1.049152493476867676e+00
1.050803661346435547e+00
1.032632589340209961e+00
1.051495790481567383e+00
1.062166690826416016e+00
1.057496070861816406e+00
1.068251132965087891e+00
1.134835004806518555e+00
1.235581159591674805e+00
1.097360372543334961e+00
1.032987356185913086e+00
1.070484161376953125e+00
1.071649312973022461e+00
1.070680975914001465e+00
1.065810799598693848e+00
1.228113889694213867e+00
1.171426296234130859e+00
1.065837740898132324e+00
1.028810143470764160e+00
1.022948265075683594e+00
1.072631955146789551e+00
1.055877923965454102e+00
1.079257488250732422e+00
1.039232730865478516e+00
1.059552669525146484e+00
1.221902012825012207e+00
1.253913760185241699e+00
1.193947196006774902e+00
1.183868169784545898e+00
1.198350548744201660e+00
1.057022571563720703e+00
1.082451343536376953e+00
1.029698133468627930e+00
1.030391216278076172e+00
1.108736038208007812e+00
1.067172884941101074e+00
1.030283451080322266e+00
1.059681415557861328e+00
1.058922767639160156e+00
1.057952046394348145e+00
1.068711757659912109e+00
1.076018452644348145e+00
1.083177685737609863e+00
1.062750816345214844e+00
1.119388580322265625e+00
1.233409047126770020e+00
1.399222016334533691e+00
1.358399271965026855e+00
1.025916814804077148e+00
1.058887839317321777e+00
1.075925588607788086e+00
1.070486307144165039e+00
1.076890468597412109e+00
1.049341440200805664e+00
1.028868198394775391e+00
1.032197237014770508e+00
1.006955623626708984e+00
1.051365971565246582e+00
1.034200429916381836e+00
1.061817049980163574e+00
1.208495974540710449e+00
1.242701888084411621e+00
1.057277679443359375e+00
1.057198524475097656e+00
1.049387216567993164e+00
1.083473682403564453e+00
1.039917469024658203e+00
1.012205839157104492e+00
1.072428464889526367e+00
1.009132504463195801e+00
1.079791665077209473e+00
1.084623575210571289e+00
1.154781579971313477e+00
1.058827400207519531e+00
1.055084466934204102e+00
1.055663108825683594e+00
1.041318893432617188e+00
1.046165227890014648e+00
1.021723985671997070e+00
1.072398900985717773e+00
1.092207431793212891e+00
1.072086811065673828e+00
1.268527030944824219e+00
1.298524141311645508e+00
1.064979791641235352e+00
1.060758113861083984e+00
1.056220293045043945e+00
1.043833374977111816e+00
1.092624425888061523e+00
1.014761209487915039e+00
1.080058574676513672e+00
1.016094446182250977e+00
1.086737513542175293e+00
1.240982055664062500e+00
1.022586584091186523e+00
1.072194337844848633e+00
1.359630703926086426e+00
1.360410094261169434e+00
1.116774678230285645e+00
1.100381255149841309e+00
1.127573966979980469e+00
1.049334049224853516e+00
1.061190843582153320e+00
1.056416749954223633e+00
1.052778244018554688e+00
1.059275746345520020e+00
1.082801461219787598e+00
1.081044673919677734e+00
1.065808653831481934e+00
1.070991277694702148e+00
1.051653623580932617e+00
1.053318262100219727e+00
1.062702655792236328e+00
1.098465561866760254e+00
1.104401707649230957e+00
1.078260779380798340e+00
1.070966124534606934e+00
1.090655088424682617e+00
1.089240550994873047e+00
1.054621815681457520e+00
1.050373673439025879e+00
1.088928222656250000e+00
1.015664815902709961e+00
1.074962019920349121e+00
1.052630186080932617e+00
1.103635072708129883e+00
1.213989138603210449e+00
1.158903479576110840e+00
1.366071462631225586e+00
1.294256448745727539e+00
1.312807202339172363e+00
1.201397299766540527e+00
1.279072046279907227e+00
1.179723739624023438e+00
1.061224699020385742e+00
1.052620887756347656e+00
1.055210590362548828e+00
1.063456535339355469e+00
1.025074124336242676e+00
1.057098627090454102e+00
1.047529697418212891e+00
1.050902962684631348e+00
1.040991306304931641e+00
1.057919740676879883e+00
1.049010515213012695e+00
1.037789583206176758e+00
1.039372920989990234e+00
1.058015227317810059e+00
1.052057027816772461e+00
1.085790276527404785e+00
1.110723257064819336e+00
1.037371754646301270e+00
1.063856482505798340e+00
1.114824652671813965e+00
1.063973665237426758e+00
1.048383712768554688e+00
1.075650930404663086e+00
1.102208018302917480e+00
1.149826526641845703e+00
1.128607273101806641e+00
1.102332234382629395e+00
1.203837871551513672e+00
1.010156631469726562e+00
1.021954774856567383e+00
1.064721703529357910e+00
1.036981344223022461e+00
1.034482836723327637e+00
1.053091883659362793e+00
1.029100418090820312e+00
1.065643548965454102e+00
1.106109142303466797e+00
1.078602313995361328e+00
1.046727657318115234e+00
1.095587730407714844e+00
1.025123834609985352e+00
1.088449478149414062e+00
1.024105787277221680e+00
1.087123155593872070e+00
1.100130200386047363e+00
1.081826686859130859e+00
1.058719158172607422e+00
1.024857044219970703e+00
1.057596802711486816e+00
1.088244438171386719e+00
1.076302766799926758e+00
1.056724071502685547e+00
1.059917688369750977e+00
1.030153632164001465e+00
1.027511119842529297e+00
1.064305782318115234e+00
1.171296358108520508e+00
1.157292246818542480e+00
1.430802226066589355e+00
1.172571301460266113e+00
1.093448638916015625e+00
1.076777338981628418e+00
1.051187992095947266e+00
1.067939043045043945e+00
1.054553985595703125e+00
1.039132833480834961e+00
1.076446294784545898e+00
1.094311594963073730e+00
1.069614171981811523e+00
1.056633234024047852e+00
1.024436473846435547e+00
1.036938190460205078e+00
1.277431130409240723e+00
1.279366135597229004e+00
1.129105806350708008e+00
1.028662919998168945e+00
1.054606199264526367e+00
1.081199407577514648e+00
1.014353513717651367e+00
1.045804858207702637e+00
1.045105338096618652e+00
1.021804094314575195e+00
1.046633362770080566e+00
1.093596816062927246e+00
1.143121004104614258e+00
1.057579517364501953e+00
1.058366775512695312e+00
1.090790152549743652e+00
1.074089288711547852e+00
1.024024128913879395e+00
1.089879035949707031e+00
1.239179611206054688e+00
1.207551717758178711e+00
1.285660147666931152e+00
1.256971359252929688e+00
1.078722834587097168e+00
1.074076414108276367e+00
1.058590412139892578e+00
1.147888302803039551e+00
1.055447101593017578e+00
1.022032737731933594e+00
1.020187973976135254e+00
1.038583993911743164e+00
1.039291381835937500e+00
1.043183565139770508e+00
1.063833475112915039e+00
1.157304883003234863e+00
1.217996358871459961e+00
1.048830032348632812e+00
1.044468998908996582e+00
1.091733336448669434e+00
1.067842721939086914e+00
1.020402550697326660e+00
1.040835380554199219e+00
1.081421256065368652e+00
1.051797032356262207e+00
1.060497522354125977e+00
1.065741181373596191e+00
1.091363787651062012e+00
1.222096323966979980e+00
1.149717569351196289e+00
1.277047872543334961e+00
1.038542747497558594e+00
1.096151590347290039e+00
1.043009757995605469e+00
1.059885144233703613e+00
1.069093704223632812e+00
1.092874050140380859e+00
1.078074216842651367e+00
1.050927400588989258e+00
1.069206953048706055e+00
1.038834571838378906e+00
1.086102485656738281e+00
1.224853873252868652e+00
1.352902531623840332e+00
1.438193798065185547e+00
1.248576402664184570e+00
1.070346474647521973e+00
1.081401467323303223e+00
1.032734394073486328e+00
1.062322139739990234e+00
1.050637245178222656e+00
1.069523572921752930e+00
1.085558891296386719e+00
1.077796697616577148e+00
1.095319509506225586e+00
1.075722455978393555e+00
1.032338023185729980e+00
1.031976699829101562e+00
1.053655743598937988e+00
1.013726949691772461e+00
1.046953678131103516e+00
1.030925154685974121e+00
1.323284029960632324e+00
1.062970876693725586e+00
1.340180635452270508e+00
1.320756077766418457e+00
1.063954830169677734e+00
1.032485961914062500e+00
1.101590394973754883e+00
1.019315719604492188e+00
1.034506559371948242e+00
1.076319217681884766e+00
1.078944683074951172e+00
1.035168170928955078e+00
1.074444890022277832e+00
1.157612800598144531e+00
1.193198323249816895e+00
1.049680471420288086e+00
1.045275330543518066e+00
1.043660640716552734e+00
1.070794343948364258e+00
1.044987678527832031e+00
1.039736270904541016e+00
1.043215274810791016e+00
1.033474206924438477e+00
1.049325704574584961e+00
1.050308704376220703e+00
1.210127234458923340e+00
1.294881463050842285e+00
1.125276923179626465e+00
1.045376896858215332e+00
1.076774120330810547e+00
9.928739666938781738e-01
1.064375400543212891e+00
1.048055529594421387e+00
1.018781423568725586e+00
1.079970479011535645e+00
1.020023584365844727e+00
1.040889859199523926e+00
1.261425733566284180e+00
1.277809381484985352e+00
1.023606538772583008e+00
1.039595723152160645e+00
1.077310800552368164e+00
1.075427293777465820e+00
1.088958024978637695e+00
1.036183595657348633e+00
1.085778474807739258e+00
1.065241694450378418e+00
1.092976570129394531e+00
1.020340681076049805e+00
1.087484240531921387e+00
1.088388562202453613e+00
1.144484639167785645e+00
1.332233905792236328e+00
1.085142850875854492e+00
1.059665203094482422e+00
1.222696661949157715e+00
1.310219764709472656e+00
1.409688115119934082e+00
1.133191585540771484e+00
1.061724543571472168e+00
1.023949146270751953e+00
1.044194698333740234e+00
1.034452199935913086e+00
1.054248094558715820e+00
1.096482634544372559e+00
1.068906545639038086e+00
1.048732042312622070e+00
1.066240787506103516e+00
1.034446001052856445e+00
1.031728982925415039e+00
1.099657535552978516e+00
1.109363198280334473e+00
1.090657711029052734e+00
1.047631859779357910e+00
1.051255822181701660e+00
1.057466506958007812e+00
1.050866961479187012e+00
1.066702842712402344e+00
1.026211380958557129e+00
1.071351289749145508e+00
1.061096906661987305e+00
1.080761909484863281e+00
1.188712716102600098e+00
1.202501535415649414e+00
1.086364746093750000e+00
1.031537055969238281e+00
1.014123797416687012e+00
1.030654549598693848e+00
1.084658384323120117e+00
1.080214262008666992e+00
1.112156033515930176e+00
1.079619884490966797e+00
1.069157123565673828e+00
1.074899315834045410e+00
1.056145310401916504e+00
1.051218748092651367e+00
1.088147401809692383e+00
1.076928257942199707e+00
1.034153461456298828e+00
1.062147855758666992e+00
8.506695032119750977e-01
9.432545900344848633e-01
9.721165299415588379e-01
1.075017809867858887e+00
1.062830686569213867e+00
1.213468551635742188e+00
1.181948184967041016e+00
1.225714087486267090e+00
1.201609015464782715e+00
1.222764611244201660e+00
1.067675590515136719e+00
1.102624177932739258e+00
1.082896471023559570e+00
1.053924083709716797e+00
1.061838507652282715e+00
1.113174915313720703e+00
1.086854696273803711e+00
1.081898212432861328e+00
1.140708088874816895e+00
1.083810329437255859e+00
1.041862249374389648e+00
1.188487529754638672e+00
1.314310431480407715e+00
1.408520340919494629e+00
1.362836360931396484e+00
1.671907186508178711e+00
1.425504922866821289e+00
1.072160482406616211e+00
1.238729834556579590e+00
1.449271798133850098e+00
1.644059538841247559e+00
1.563251733779907227e+00
1.215499043464660645e+00
1.197537183761596680e+00
1.176247119903564453e+00
1.160804390907287598e+00
1.086719274520874023e+00
1.105899691581726074e+00
1.044326543807983398e+00
1.039040088653564453e+00
1.168021202087402344e+00
1.224746704101562500e+00
1.215523004531860352e+00
1.219445466995239258e+00
1.260459899902343750e+00
9.644295573234558105e-01
1.095200181007385254e+00
1.060009956359863281e+00
1.114895105361938477e+00
1.031148195266723633e+00
1.049951553344726562e+00
1.043449163436889648e+00
1.061886906623840332e+00
1.072298645973205566e+00
1.019231438636779785e+00
1.035972237586975098e+00
1.061359405517578125e+00
1.224349617958068848e+00
1.133050203323364258e+00
1.048531293869018555e+00
1.101454496383666992e+00
1.075934290885925293e+00
1.070405602455139160e+00
1.087576985359191895e+00
1.047544360160827637e+00
1.087270259857177734e+00
1.116388797760009766e+00
1.049745559692382812e+00
1.077098727226257324e+00
1.037416696548461914e+00
1.277577280998229980e+00
1.256906509399414062e+00
1.277295827865600586e+00
1.334178686141967773e+00
1.116892337799072266e+00
1.095386505126953125e+00
1.125249743461608887e+00
1.102392435073852539e+00
1.246346235275268555e+00
1.228736162185668945e+00
1.281778454780578613e+00
1.319551587104797363e+00
1.270661354064941406e+00
1.173855423927307129e+00
1.332441091537475586e+00
1.341471672058105469e+00
1.576160311698913574e+00
1.394656896591186523e+00
1.207389831542968750e+00
1.135093688964843750e+00
1.077541470527648926e+00
1.205010175704956055e+00
1.212011694908142090e+00
1.200238585472106934e+00
1.139466524124145508e+00
1.122741580009460449e+00
1.074618577957153320e+00
1.065933346748352051e+00
1.080527067184448242e+00
1.063590049743652344e+00
1.049768328666687012e+00
1.084567189216613770e+00
1.028807044029235840e+00
1.195551156997680664e+00
1.225837826728820801e+00
1.213065028190612793e+00
1.177483916282653809e+00
1.118776798248291016e+00
1.268913507461547852e+00
1.214497327804565430e+00
1.267613053321838379e+00
1.459292769432067871e+00
1.360575675964355469e+00
1.060928344726562500e+00
1.221367835998535156e+00
1.198445558547973633e+00
1.117954611778259277e+00
1.312070369720458984e+00
1.244717001914978027e+00
1.318768620491027832e+00
1.392278909683227539e+00
1.372069954872131348e+00
1.500312328338623047e+00
1.160084009170532227e+00
1.116849541664123535e+00
1.296303391456604004e+00
1.105870842933654785e+00
1.004937887191772461e+00
1.709332108497619629e+00
1.544260501861572266e+00
1.577610850334167480e+00
1.529640078544616699e+00
1.202445268630981445e+00
1.257601141929626465e+00
1.202172160148620605e+00
1.566391587257385254e+00
1.600025534629821777e+00
1.365423798561096191e+00
3.350927531719207764e-01
1.420745134353637695e+00
1.229432106018066406e+00
1.189614057540893555e+00
1.458139300346374512e+00
1.178719162940979004e+00
1.455851793289184570e+00
1.274783849716186523e+00
1.325695633888244629e+00
1.371882438659667969e+00
1.628138780593872070e+00
1.037445306777954102e+00
1.020919799804687500e+00
1.151104450225830078e+00
1.043178319931030273e+00
1.200380206108093262e+00
1.450421571731567383e+00
1.581118226051330566e+00
1.434664368629455566e+00
1.268935680389404297e+00
1.264607310295104980e+00
1.206900835037231445e+00
1.096844792366027832e+00
1.121688842773437500e+00
1.141586422920227051e+00
1.028407573699951172e+00
9.265970587730407715e-01
1.023670434951782227e+00
1.160971164703369141e+00
1.388738393783569336e+00
1.173063874244689941e+00
1.096896052360534668e+00
1.096717596054077148e+00
1.011027336120605469e+00
1.239273786544799805e+00
1.721541166305541992e+00
1.647237181663513184e+00
1.577396512031555176e+00
1.562152504920959473e+00
1.333295106887817383e+00
1.648841619491577148e+00
1.630612015724182129e+00
1.084927201271057129e+00
1.108649730682373047e+00
1.224760532379150391e+00
1.232570409774780273e+00
2.808355391025543213e-01
1.461117744445800781e+00
1.660613059997558594e+00
1.460272669792175293e+00
1.338260889053344727e+00
1.189159631729125977e+00
1.221479177474975586e+00
1.255812406539916992e+00
1.255881547927856445e+00
1.271994709968566895e+00
9.492095708847045898e-01
1.104356646537780762e+00
1.124593138694763184e+00
1.164503097534179688e+00
1.122044205665588379e+00
1.115601897239685059e+00
1.194461226463317871e+00
1.139793872833251953e+00
1.087174415588378906e+00
1.217477798461914062e+00
1.108872890472412109e+00
1.118575572967529297e+00
1.087808966636657715e+00
9.804115891456604004e-01
3.156293332576751709e-01
7.275526523590087891e-01
1.142558574676513672e+00
1.096322536468505859e+00
1.096108555793762207e+00
1.171128988265991211e+00
1.090182423591613770e+00
1.269078254699707031e+00
1.695651888847351074e+00
1.607568502426147461e+00
1.127299904823303223e+00
1.061232805252075195e+00
1.177529811859130859e+00
1.114387035369873047e+00
1.212094783782958984e+00
1.250086307525634766e+00
1.063592672348022461e+00
1.184772610664367676e+00
1.191970825195312500e+00
1.182899236679077148e+00
1.244284152984619141e+00
1.316818237304687500e+00
1.265042543411254883e+00
1.208080053329467773e+00
1.101240396499633789e+00
1.170320272445678711e+00
1.383142113685607910e+00
1.422915816307067871e+00
1.581115722656250000e+00
1.336331367492675781e+00
1.282554149627685547e+00
1.319979190826416016e+00
1.486872076988220215e+00
1.588571548461914062e+00
1.459423184394836426e+00
1.523566007614135742e+00
1.352352857589721680e+00
1.266118168830871582e+00
1.096835017204284668e+00
1.338750243186950684e+00
1.208732128143310547e+00
8.176740407943725586e-01
1.040271759033203125e+00
9.856464266777038574e-01
1.054008245468139648e+00
8.818799853324890137e-01
1.106041193008422852e+00
1.410779595375061035e+00
9.357301592826843262e-01
1.551348924636840820e+00
1.402334213256835938e+00
1.412074685096740723e+00
1.666418313980102539e+00
1.350455045700073242e+00
1.467665076255798340e+00
1.200306296348571777e+00
1.507668018341064453e+00
1.545001268386840820e+00
1.470143795013427734e+00
1.256808638572692871e+00
1.218476653099060059e+00
1.143019795417785645e+00
1.155680298805236816e+00
1.137377023696899414e+00
1.157707929611206055e+00
1.105356931686401367e+00
1.123342871665954590e+00
1.159227728843688965e+00
1.076785087585449219e+00
1.227400541305541992e+00
1.131170988082885742e+00
1.115980863571166992e+00
1.215252280235290527e+00
1.271524429321289062e+00
1.015755176544189453e+00
1.159207344055175781e+00
1.122788906097412109e+00
1.041916847229003906e+00
1.078246235847473145e+00
1.058715224266052246e+00
1.208205223083496094e+00
1.132094860076904297e+00
1.312278032302856445e+00
1.095731496810913086e+00
1.043795824050903320e+00
1.080653667449951172e+00
1.134381651878356934e+00
1.022416234016418457e+00
1.291943430900573730e+00
1.169983744621276855e+00
1.297548413276672363e+00
1.292795062065124512e+00
1.483644127845764160e+00
1.280672907829284668e+00
1.316906213760375977e+00
1.113808512687683105e+00
1.266253829002380371e+00
1.378572225570678711e+00
1.389918804168701172e+00
1.296441555023193359e+00
1.257879495620727539e+00
1.278142690658569336e+00
7.499092221260070801e-01
1.009038925170898438e+00
1.230039954185485840e+00
1.052841305732727051e+00
1.009564638137817383e+00
1.172964811325073242e+00
1.032763957977294922e+00
1.014592170715332031e+00
7.331453561782836914e-01
1.149688482284545898e+00
7.962538003921508789e-01
1.118381619453430176e+00
1.395920634269714355e+00
1.413269281387329102e+00
1.224337935447692871e+00
3.160238862037658691e-01
1.312717795372009277e+00
3.145688176155090332e-01
3.411229252815246582e-01
8.187845945358276367e-01
1.030807852745056152e+00
1.033292412757873535e+00
1.041899800300598145e+00
1.042774319648742676e+00
1.051881790161132812e+00
1.038563013076782227e+00
1.060430169105529785e+00
1.063019990921020508e+00
1.062299609184265137e+00
1.019309997558593750e+00
1.042346000671386719e+00
1.073167443275451660e+00
1.066648006439208984e+00
1.059830904006958008e+00
1.056313753128051758e+00
1.040474891662597656e+00
1.067933797836303711e+00
1.033604264259338379e+00
1.027919888496398926e+00
1.038724184036254883e+00
1.063509941101074219e+00
1.030969381332397461e+00
1.023408889770507812e+00
1.038613080978393555e+00
1.032497882843017578e+00
1.041904926300048828e+00
1.048792839050292969e+00
1.024661779403686523e+00
1.019093275070190430e+00
1.070966482162475586e+00
1.041173696517944336e+00
1.077972888946533203e+00
1.020406365394592285e+00
1.092741608619689941e+00
1.050145149230957031e+00
1.077725768089294434e+00
1.087328672409057617e+00
1.030733346939086914e+00
1.036009550094604492e+00
1.052376389503479004e+00
1.061891078948974609e+00
1.055148124694824219e+00
1.057004451751708984e+00
1.024104595184326172e+00
1.088148236274719238e+00
1.059930920600891113e+00
1.018797755241394043e+00
1.011821031570434570e+00
1.068313837051391602e+00
1.047515034675598145e+00
1.049773335456848145e+00
9.937985539436340332e-01
1.048850178718566895e+00
1.034324884414672852e+00
