9.654569029808044434e-01
1.457668781280517578e+00
1.226597785949707031e+00
1.553285956382751465e+00
1.302022218704223633e+00
1.270295143127441406e+00
1.340016365051269531e+00
1.274161338806152344e+00
1.242043018341064453e+00
1.428355932235717773e+00
1.518095731735229492e+00
1.369786858558654785e+00
1.313018560409545898e+00
1.141798496246337891e+00
3.318168818950653076e-01
1.447105765342712402e+00
1.550389528274536133e+00
1.567371249198913574e+00
1.524945616722106934e+00
1.521653890609741211e+00
1.646635055541992188e+00
1.523685693740844727e+00
1.381220579147338867e+00
1.256129503250122070e+00
1.319797635078430176e+00
1.319627285003662109e+00
1.167002677917480469e+00
1.046905040740966797e+00
1.024461507797241211e+00
1.134267687797546387e+00
1.335994005203247070e+00
1.396514415740966797e+00
1.342160105705261230e+00
1.343658685684204102e+00
1.324820399284362793e+00
1.312036275863647461e+00
1.207907915115356445e+00
1.104684948921203613e+00
1.048141002655029297e+00
1.044200897216796875e+00
1.078290820121765137e+00
1.081183552742004395e+00
1.220452189445495605e+00
1.300578713417053223e+00
1.208676099777221680e+00
1.056910037994384766e+00
1.076424837112426758e+00
1.359558701515197754e+00
1.468435049057006836e+00
1.454210758209228516e+00
1.404813766479492188e+00
1.241132616996765137e+00
1.164725065231323242e+00
1.101714968681335449e+00
1.087561249732971191e+00
1.093244433403015137e+00
1.094181776046752930e+00
1.050956130027770996e+00
1.104886293411254883e+00
1.194843292236328125e+00
3.139419257640838623e-01
1.437300086021423340e+00
1.275913357734680176e+00
1.349550366401672363e+00
1.288056850433349609e+00
1.334451436996459961e+00
1.275150537490844727e+00
1.293011426925659180e+00
1.424477338790893555e+00
1.496652483940124512e+00
1.460839390754699707e+00
1.450910687446594238e+00
1.435557007789611816e+00
1.271855115890502930e+00
1.613255381584167480e+00
1.589576721191406250e+00
1.559063553810119629e+00
1.425993919372558594e+00
1.459913492202758789e+00
1.539513826370239258e+00
1.613930463790893555e+00
1.531528472900390625e+00
1.431923985481262207e+00
1.423697710037231445e+00
1.426897883415222168e+00
1.345076560974121094e+00
1.571920633316040039e+00
1.588393449783325195e+00
1.552607297897338867e+00
1.575940012931823730e+00
1.495207548141479492e+00
1.353574037551879883e+00
1.200682401657104492e+00
1.186024785041809082e+00
1.152532458305358887e+00
1.154780507087707520e+00
1.154803514480590820e+00
1.085930585861206055e+00
1.020177125930786133e+00
1.137736320495605469e+00
1.083103537559509277e+00
1.076482415199279785e+00
1.287771463394165039e+00
1.527796149253845215e+00
1.554059863090515137e+00
1.265074849128723145e+00
1.201062798500061035e+00
1.089746952056884766e+00
1.069925308227539062e+00
1.036001920700073242e+00
1.078701496124267578e+00
1.070309877395629883e+00
1.079117774963378906e+00
9.843856692314147949e-01
1.098888874053955078e+00
1.010478973388671875e+00
1.002260684967041016e+00
1.045454025268554688e+00
9.050715565681457520e-01
9.499706625938415527e-01
1.056242704391479492e+00
9.772542715072631836e-01
1.048271417617797852e+00
1.033065795898437500e+00
1.033829927444458008e+00
9.971086978912353516e-01
1.015553236007690430e+00
1.032337188720703125e+00
1.003416538238525391e+00
1.083509564399719238e+00
1.021477699279785156e+00
1.047543168067932129e+00
1.053833723068237305e+00
1.079162359237670898e+00
1.063219666481018066e+00
1.029405355453491211e+00
1.062873721122741699e+00
1.032725095748901367e+00
9.991895556449890137e-01
9.911426305770874023e-01
1.045941591262817383e+00
9.688091278076171875e-01
1.029752254486083984e+00
1.109477281570434570e+00
1.009011983871459961e+00
9.852672219276428223e-01
1.057529687881469727e+00
9.966015815734863281e-01
1.004839181900024414e+00
1.001427650451660156e+00
1.018282651901245117e+00
1.062594890594482422e+00
1.023750782012939453e+00
1.011062622070312500e+00
1.050902724266052246e+00
1.049632549285888672e+00
1.072857499122619629e+00
1.073733568191528320e+00
1.015113115310668945e+00
1.051195621490478516e+00
9.644892215728759766e-01
9.425542950630187988e-01
1.076137065887451172e+00
1.014859676361083984e+00
9.408069849014282227e-01
1.090600132942199707e+00
9.421967267990112305e-01
1.036698818206787109e+00
1.084919214248657227e+00
9.804255366325378418e-01
1.075917124748229980e+00
1.081309676170349121e+00
9.547826647758483887e-01
9.843005537986755371e-01
1.030070066452026367e+00
9.443409442901611328e-01
1.008587598800659180e+00
1.054015874862670898e+00
1.053018808364868164e+00
1.041944980621337891e+00
1.051849842071533203e+00
1.035180449485778809e+00
1.045883178710937500e+00
1.090327143669128418e+00
1.035309672355651855e+00
1.028612136840820312e+00
1.008762598037719727e+00
1.041764497756958008e+00
1.038895845413208008e+00
1.101070642471313477e+00
1.072743296623229980e+00
1.030709266662597656e+00
1.033395767211914062e+00
1.012071490287780762e+00
1.021530389785766602e+00
1.017271041870117188e+00
1.006042957305908203e+00
1.051567316055297852e+00
1.011113762855529785e+00
9.919859766960144043e-01
1.019703865051269531e+00
1.041689276695251465e+00
1.038852214813232422e+00
1.048319339752197266e+00
1.007409572601318359e+00
1.046020984649658203e+00
1.017203807830810547e+00
1.066486835479736328e+00
1.087127089500427246e+00
1.059476852416992188e+00
1.052718400955200195e+00
1.075403928756713867e+00
1.098483085632324219e+00
1.118180036544799805e+00
1.086099147796630859e+00
1.053629755973815918e+00
9.767519831657409668e-01
1.090690612792968750e+00
1.041960716247558594e+00
1.074085116386413574e+00
1.072525501251220703e+00
1.029775977134704590e+00
1.059031486511230469e+00
1.045949101448059082e+00
9.926384687423706055e-01
1.048683643341064453e+00
1.064915895462036133e+00
1.041489839553833008e+00
1.049816370010375977e+00
1.048210859298706055e+00
1.033468961715698242e+00
1.041277527809143066e+00
9.991627335548400879e-01
1.029155373573303223e+00
1.047833681106567383e+00
1.116945028305053711e+00
1.113710522651672363e+00
1.050576210021972656e+00
1.044871568679809570e+00
1.004571557044982910e+00
1.065125942230224609e+00
1.065962195396423340e+00
1.061998367309570312e+00
1.016248464584350586e+00
1.053992748260498047e+00
1.021923303604125977e+00
1.031230688095092773e+00
9.392162561416625977e-01
1.054412126541137695e+00
1.037151098251342773e+00
1.016297578811645508e+00
1.048272371292114258e+00
1.084643125534057617e+00
1.037795782089233398e+00
1.057307243347167969e+00
1.054687619209289551e+00
1.053963899612426758e+00
1.083860039710998535e+00
1.075090527534484863e+00
1.077529430389404297e+00
9.948858022689819336e-01
1.016415715217590332e+00
1.042539954185485840e+00
1.051682829856872559e+00
1.056410670280456543e+00
1.056925773620605469e+00
1.066184759140014648e+00
1.052974700927734375e+00
1.050080776214599609e+00
1.036849260330200195e+00
1.050717592239379883e+00
1.058259844779968262e+00
1.074020147323608398e+00
1.013682842254638672e+00
1.055587768554687500e+00
1.054522752761840820e+00
1.074622035026550293e+00
1.048650622367858887e+00
1.086632013320922852e+00
1.007409095764160156e+00
1.044034600257873535e+00
1.023157358169555664e+00
1.046333551406860352e+00
1.040840744972229004e+00
1.020181059837341309e+00
1.053784966468811035e+00
1.050843000411987305e+00
1.054998040199279785e+00
9.549656510353088379e-01
1.006347894668579102e+00
1.006212234497070312e+00
1.004032254219055176e+00
1.003676056861877441e+00
1.108991622924804688e+00
1.131333708763122559e+00
1.171600580215454102e+00
1.153373718261718750e+00
9.971225261688232422e-01
1.036629915237426758e+00
1.162089467048645020e+00
1.310995221138000488e+00
1.165882825851440430e+00
1.186931371688842773e+00
1.148146629333496094e+00
1.153016567230224609e+00
1.015613555908203125e+00
1.034771203994750977e+00
1.014301419258117676e+00
1.187596201896667480e+00
1.168352603912353516e+00
1.122392535209655762e+00
1.280070781707763672e+00
1.379950284957885742e+00
1.374089956283569336e+00
1.409969806671142578e+00
1.124966859817504883e+00
1.050325155258178711e+00
1.055428981781005859e+00
1.027864217758178711e+00
1.025745868682861328e+00
9.399534463882446289e-01
1.020631551742553711e+00
1.032668352127075195e+00
1.045310735702514648e+00
1.017325162887573242e+00
1.044114351272583008e+00
9.819326400756835938e-01
9.966443181037902832e-01
1.033096551895141602e+00
1.039124250411987305e+00
1.042627096176147461e+00
1.056866645812988281e+00
1.056084632873535156e+00
1.058658361434936523e+00
1.069961547851562500e+00
1.058353066444396973e+00
1.022839784622192383e+00
1.031009197235107422e+00
1.016771793365478516e+00
1.044033288955688477e+00
1.060430765151977539e+00
1.013884305953979492e+00
1.014193058013916016e+00
9.747459292411804199e-01
1.001327395439147949e+00
1.055094003677368164e+00
1.013619422912597656e+00
1.067212820053100586e+00
1.045136928558349609e+00
1.022670030593872070e+00
9.321649074554443359e-01
1.078438520431518555e+00
1.039299488067626953e+00
1.026369810104370117e+00
1.022511959075927734e+00
1.232257843017578125e+00
1.366730928421020508e+00
1.342707753181457520e+00
1.284980893135070801e+00
1.242661833763122559e+00
1.291507959365844727e+00
9.764611721038818359e-01
1.039838075637817383e+00
1.066567420959472656e+00
1.019628047943115234e+00
1.043374896049499512e+00
1.034080982208251953e+00
1.002728939056396484e+00
1.052757620811462402e+00
1.039507389068603516e+00
9.507429599761962891e-01
1.005693912506103516e+00
1.021695613861083984e+00
1.011667013168334961e+00
1.033040881156921387e+00
9.985073804855346680e-01
1.012374162673950195e+00
1.034504532814025879e+00
1.077366590499877930e+00
1.077144742012023926e+00
1.078120946884155273e+00
1.065574645996093750e+00
1.069970607757568359e+00
1.100319504737854004e+00
1.078118562698364258e+00
1.025603532791137695e+00
1.045183062553405762e+00
1.061044692993164062e+00
1.039708137512207031e+00
1.044540643692016602e+00
1.052636265754699707e+00
1.070016622543334961e+00
1.038642406463623047e+00
1.032593250274658203e+00
1.047717690467834473e+00
9.787663817405700684e-01
1.021741271018981934e+00
1.029302835464477539e+00
1.014506816864013672e+00
1.029985904693603516e+00
1.015058040618896484e+00
1.038344264030456543e+00
9.484408497810363770e-01
1.042117357254028320e+00
1.270055055618286133e+00
1.234144687652587891e+00
1.321509361267089844e+00
8.883868455886840820e-01
1.029102444648742676e+00
1.383219957351684570e+00
1.352555751800537109e+00
1.161754965782165527e+00
1.032894372940063477e+00
1.461417675018310547e+00
1.341788649559020996e+00
1.226457476615905762e+00
1.164167523384094238e+00
1.400869727134704590e+00
1.348734974861145020e+00
1.544968128204345703e+00
1.542378783226013184e+00
7.904999852180480957e-01
1.295659780502319336e+00
1.431142330169677734e+00
1.280658960342407227e+00
1.483662486076354980e+00
1.286753892898559570e+00
1.500749111175537109e+00
1.457134127616882324e+00
1.327177286148071289e+00
1.644492149353027344e+00
1.648357629776000977e+00
1.654074430465698242e+00
1.535935640335083008e+00
1.620857715606689453e+00
1.583600640296936035e+00
1.529298663139343262e+00
1.478057265281677246e+00
1.509415984153747559e+00
1.283211231231689453e+00
1.273389339447021484e+00
1.162729740142822266e+00
1.209232687950134277e+00
1.229944705963134766e+00
1.295634508132934570e+00
1.239488601684570312e+00
1.214441776275634766e+00
1.235627889633178711e+00
1.270777583122253418e+00
1.275331139564514160e+00
1.477915763854980469e+00
1.538666129112243652e+00
1.278207778930664062e+00
1.231158852577209473e+00
1.263586640357971191e+00
1.244775056838989258e+00
1.288650035858154297e+00
1.170639276504516602e+00
1.411740303039550781e+00
1.438155174255371094e+00
1.334055304527282715e+00
9.712166786193847656e-01
9.695643782615661621e-01
1.017732620239257812e+00
1.017623424530029297e+00
1.345927119255065918e+00
1.254191756248474121e+00
1.201984286308288574e+00
1.188405036926269531e+00
1.198005080223083496e+00
1.426709175109863281e+00
1.361740589141845703e+00
1.471224904060363770e+00
1.465952873229980469e+00
3.501364290714263916e-01
1.450152993202209473e+00
1.428693175315856934e+00
1.054304122924804688e+00
1.016481280326843262e+00
9.427477717399597168e-01
1.087598204612731934e+00
9.163520336151123047e-01
9.313008785247802734e-01
1.047774195671081543e+00
1.069665312767028809e+00
1.036442995071411133e+00
1.047119498252868652e+00
1.057108640670776367e+00
1.035122632980346680e+00
1.046764254570007324e+00
1.044271230697631836e+00
1.060418605804443359e+00
1.163001298904418945e+00
1.107744455337524414e+00
1.074138522148132324e+00
1.038160681724548340e+00
1.043928623199462891e+00
1.036536455154418945e+00
1.045410156250000000e+00
1.055495500564575195e+00
1.044020652770996094e+00
1.041017770767211914e+00
9.835257530212402344e-01
1.044531583786010742e+00
1.060890436172485352e+00
1.058091640472412109e+00
1.049299955368041992e+00
1.017579436302185059e+00
1.021656274795532227e+00
1.058296442031860352e+00
1.053205251693725586e+00
1.106900215148925781e+00
1.138104200363159180e+00
1.294379472732543945e+00
1.188396692276000977e+00
9.873244166374206543e-01
1.084259748458862305e+00
1.061964035034179688e+00
1.290433168411254883e+00
1.315295934677124023e+00
1.322307586669921875e+00
1.273102045059204102e+00
1.036258339881896973e+00
1.053700685501098633e+00
9.501135349273681641e-01
1.014397263526916504e+00
1.203336477279663086e+00
1.289713144302368164e+00
1.523200631141662598e+00
1.551949024200439453e+00
1.509491205215454102e+00
1.590180635452270508e+00
1.387703776359558105e+00
1.406969189643859863e+00
1.328020572662353516e+00
1.204700231552124023e+00
1.192065119743347168e+00
1.274164199829101562e+00
1.300323843955993652e+00
1.217339158058166504e+00
1.103781700134277344e+00
1.271259665489196777e+00
9.406195282936096191e-01
1.051032066345214844e+00
1.037664651870727539e+00
1.066581726074218750e+00
1.065012693405151367e+00
1.069437980651855469e+00
1.068634510040283203e+00
1.294205665588378906e+00
1.285021781921386719e+00
1.320432305335998535e+00
1.316284656524658203e+00
1.235006809234619141e+00
1.288429856300354004e+00
1.354194402694702148e+00
1.402001738548278809e+00
1.404551386833190918e+00
1.307312607765197754e+00
1.315113306045532227e+00
1.384156465530395508e+00
1.404099225997924805e+00
1.396862149238586426e+00
1.459971547126770020e+00
1.445798516273498535e+00
1.455041766166687012e+00
1.395229339599609375e+00
1.378495931625366211e+00
1.217943191528320312e+00
1.354333400726318359e+00
1.326381444931030273e+00
1.332026362419128418e+00
1.064239740371704102e+00
1.052381873130798340e+00
1.260759592056274414e+00
1.339378833770751953e+00
1.272294521331787109e+00
1.334457635879516602e+00
1.349322199821472168e+00
1.324124455451965332e+00
1.346981883049011230e+00
1.435763955116271973e+00
1.364356994628906250e+00
1.459887862205505371e+00
1.553347587585449219e+00
1.449872016906738281e+00
1.347908854484558105e+00
1.409123420715332031e+00
1.324198603630065918e+00
1.290463924407958984e+00
1.312187314033508301e+00
1.208513617515563965e+00
1.200760841369628906e+00
1.158863544464111328e+00
1.316577672958374023e+00
1.270509481430053711e+00
1.268186092376708984e+00
1.215644717216491699e+00
1.292551755905151367e+00
1.254874587059020996e+00
1.263485431671142578e+00
1.152003407478332520e+00
1.187723755836486816e+00
1.198315143585205078e+00
1.248209953308105469e+00
1.262087464332580566e+00
1.314099907875061035e+00
1.312939405441284180e+00
1.424792289733886719e+00
1.514997363090515137e+00
1.613563418388366699e+00
1.653009057044982910e+00
1.478664159774780273e+00
1.374242067337036133e+00
1.406467080116271973e+00
1.456624031066894531e+00
1.328763365745544434e+00
1.440310955047607422e+00
1.366614580154418945e+00
1.283768177032470703e+00
1.424553990364074707e+00
1.407981991767883301e+00
1.535648941993713379e+00
1.503947138786315918e+00
1.571889996528625488e+00
1.439613938331604004e+00
1.626901745796203613e+00
1.383062124252319336e+00
1.242707967758178711e+00
1.457605481147766113e+00
1.571243405342102051e+00
1.522393107414245605e+00
1.404570460319519043e+00
1.389720678329467773e+00
1.352057933807373047e+00
1.436969041824340820e+00
1.388947606086730957e+00
1.390682816505432129e+00
1.460538506507873535e+00
1.449632406234741211e+00
1.453116416931152344e+00
1.424817323684692383e+00
1.483479857444763184e+00
1.495774984359741211e+00
1.523297309875488281e+00
1.447031497955322266e+00
1.465973854064941406e+00
1.490216851234436035e+00
1.397782325744628906e+00
1.432780742645263672e+00
1.499413490295410156e+00
1.301015853881835938e+00
1.367018342018127441e+00
1.364951372146606445e+00
1.485425949096679688e+00
1.457541823387145996e+00
1.411020398139953613e+00
1.512339353561401367e+00
1.478498101234436035e+00
1.419804453849792480e+00
1.502385497093200684e+00
1.542746782302856445e+00
1.466232299804687500e+00
1.448191165924072266e+00
1.477273225784301758e+00
1.428354144096374512e+00
1.443214893341064453e+00
1.460253238677978516e+00
1.378062248229980469e+00
1.375267267227172852e+00
1.302320241928100586e+00
1.426902294158935547e+00
1.433694124221801758e+00
1.540858626365661621e+00
1.364304184913635254e+00
1.662514805793762207e+00
1.477770447731018066e+00
1.429233431816101074e+00
1.453328847885131836e+00
1.452403426170349121e+00
1.321461200714111328e+00
1.452149391174316406e+00
1.338486313819885254e+00
1.316185712814331055e+00
1.245659351348876953e+00
1.257951498031616211e+00
1.256568908691406250e+00
1.294508337974548340e+00
1.392579078674316406e+00
1.537183403968811035e+00
1.621350288391113281e+00
1.629414200782775879e+00
1.457854509353637695e+00
1.349733471870422363e+00
1.248188853263854980e+00
1.313195228576660156e+00
1.269096255302429199e+00
1.545985221862792969e+00
1.637606263160705566e+00
1.571214318275451660e+00
1.516415834426879883e+00
1.495419502258300781e+00
1.560090184211730957e+00
1.559547543525695801e+00
1.442309141159057617e+00
1.440389513969421387e+00
1.476268291473388672e+00
1.066779613494873047e+00
6.363744735717773438e-01
6.240413784980773926e-01
5.680568814277648926e-01
6.570805311203002930e-01
7.973468899726867676e-01
8.717656135559082031e-01
8.335713744163513184e-01
9.092375040054321289e-01
9.485413432121276855e-01
9.575394392013549805e-01
9.455371499061584473e-01
1.029130101203918457e+00
1.107182621955871582e+00
1.157471895217895508e+00
1.097970008850097656e+00
1.136949896812438965e+00
1.093878984451293945e+00
1.073550462722778320e+00
1.066083431243896484e+00
9.862865209579467773e-01
1.049440622329711914e+00
1.013583898544311523e+00
1.161360263824462891e+00
9.976347684860229492e-01
7.795633077621459961e-01
4.970509111881256104e-01
4.051122963428497314e-01
7.676728367805480957e-01
1.130343198776245117e+00
1.104477286338806152e+00
1.177055954933166504e+00
8.174893260002136230e-01
7.809975147247314453e-01
7.109491825103759766e-01
3.442242443561553955e-01
1.454669833183288574e+00
1.469824075698852539e+00
1.658540725708007812e+00
1.575857639312744141e+00
1.550824880599975586e+00
1.624359965324401855e+00
8.930405974388122559e-01
1.522257924079895020e+00
1.466803789138793945e+00
1.299778819084167480e+00
1.219897747039794922e+00
1.312390804290771484e+00
1.245176434516906738e+00
1.322751402854919434e+00
1.175897598266601562e+00
1.134585738182067871e+00
1.142010927200317383e+00
1.153203487396240234e+00
1.322993278503417969e+00
1.247792005538940430e+00
1.316010951995849609e+00
1.226354122161865234e+00
1.304417133331298828e+00
1.472188711166381836e+00
1.463148355484008789e+00
1.454767584800720215e+00
1.449794173240661621e+00
1.483529686927795410e+00
1.441181421279907227e+00
1.390350818634033203e+00
1.331129312515258789e+00
1.470162868499755859e+00
1.404919862747192383e+00
1.401573657989501953e+00
1.308714270591735840e+00
1.442884206771850586e+00
1.273278832435607910e+00
1.271844625473022461e+00
1.289255380630493164e+00
1.312395215034484863e+00
1.218802571296691895e+00
1.099879741668701172e+00
1.171293258666992188e+00
1.132258057594299316e+00
1.133962273597717285e+00
1.225050091743469238e+00
1.253306865692138672e+00
1.341811299324035645e+00
1.274084091186523438e+00
1.212714910507202148e+00
1.142916321754455566e+00
1.185400247573852539e+00
1.089470744132995605e+00
1.120654463768005371e+00
1.166187882423400879e+00
1.127665281295776367e+00
1.138899803161621094e+00
1.136933326721191406e+00
1.115052580833435059e+00
1.181536436080932617e+00
1.080081343650817871e+00
1.064356088638305664e+00
1.132845640182495117e+00
1.302733540534973145e+00
1.161995768547058105e+00
1.206596732139587402e+00
1.168135881423950195e+00
1.095346450805664062e+00
1.172688961029052734e+00
1.124667882919311523e+00
1.037478446960449219e+00
1.121460556983947754e+00
1.151574730873107910e+00
1.042022347450256348e+00
1.045372962951660156e+00
9.695321321487426758e-01
1.043312668800354004e+00
1.086917400360107422e+00
9.280751943588256836e-01
1.149663209915161133e+00
1.087109565734863281e+00
1.066544890403747559e+00
1.054618120193481445e+00
1.139708161354064941e+00
1.044009208679199219e+00
1.009502887725830078e+00
1.026071786880493164e+00
1.058580160140991211e+00
1.059003829956054688e+00
1.094173312187194824e+00
1.011913061141967773e+00
1.057566523551940918e+00
1.059846162796020508e+00
1.066313862800598145e+00
1.060974597930908203e+00
1.094043254852294922e+00
1.093613505363464355e+00
1.063088536262512207e+00
1.074831008911132812e+00
9.967646598815917969e-01
1.090597033500671387e+00
1.013634681701660156e+00
1.046182155609130859e+00
1.103821277618408203e+00
1.098459482192993164e+00
1.047246694564819336e+00
1.118103146553039551e+00
1.202930569648742676e+00
1.362750053405761719e+00
1.446948885917663574e+00
1.452552795410156250e+00
1.413526535034179688e+00
1.521688938140869141e+00
1.479078412055969238e+00
1.473277330398559570e+00
1.267364263534545898e+00
1.426075220108032227e+00
1.556703686714172363e+00
1.496519446372985840e+00
1.466167569160461426e+00
1.497309446334838867e+00
1.421599864959716797e+00
1.448493361473083496e+00
1.274692058563232422e+00
1.437857151031494141e+00
1.359853744506835938e+00
3.294476866722106934e-01
1.364553689956665039e+00
1.522052407264709473e+00
1.392751097679138184e+00
1.322572946548461914e+00
1.273082733154296875e+00
1.346392631530761719e+00
1.103877782821655273e+00
1.479749917984008789e+00
1.418405771255493164e+00
1.277204275131225586e+00
1.230054259300231934e+00
1.408061265945434570e+00
1.123286008834838867e+00
1.315287113189697266e+00
1.342878103256225586e+00
1.683745741844177246e+00
1.365966796875000000e+00
3.319416344165802002e-01
1.487046360969543457e+00
1.422259569168090820e+00
1.527396202087402344e+00
1.249700069427490234e+00
1.175317645072937012e+00
1.229893684387207031e+00
1.281825542449951172e+00
1.396996378898620605e+00
1.415897607803344727e+00
1.329337120056152344e+00
1.309569001197814941e+00
1.312859773635864258e+00
1.353407382965087891e+00
1.267222881317138672e+00
1.360898137092590332e+00
1.221298813819885254e+00
1.264820933341979980e+00
1.260699748992919922e+00
1.335306167602539062e+00
1.274372339248657227e+00
1.155281782150268555e+00
1.100816488265991211e+00
1.146620035171508789e+00
1.082667827606201172e+00
1.175697207450866699e+00
1.152419924736022949e+00
1.227964282035827637e+00
1.312514185905456543e+00
1.273765087127685547e+00
1.325846552848815918e+00
1.248062849044799805e+00
1.170164823532104492e+00
1.125026226043701172e+00
1.214204311370849609e+00
1.160451650619506836e+00
1.052327156066894531e+00
1.083819627761840820e+00
1.091372370719909668e+00
1.103511810302734375e+00
1.129350662231445312e+00
1.093379735946655273e+00
1.155131578445434570e+00
1.127136707305908203e+00
1.122371554374694824e+00
1.114939212799072266e+00
1.067699193954467773e+00
1.062392234802246094e+00
1.286571383476257324e+00
1.288222312927246094e+00
1.163843154907226562e+00
1.208335876464843750e+00
1.058038711547851562e+00
1.074635982513427734e+00
1.133257389068603516e+00
1.109688639640808105e+00
1.083299398422241211e+00
1.049128890037536621e+00
1.058884859085083008e+00
1.092168092727661133e+00
1.118296861648559570e+00
1.102017641067504883e+00
1.090087175369262695e+00
1.054690837860107422e+00
1.113003134727478027e+00
1.100815057754516602e+00
1.088606119155883789e+00
1.057950496673583984e+00
1.076601028442382812e+00
1.080769777297973633e+00
1.070950150489807129e+00
1.076606869697570801e+00
1.109795928001403809e+00
1.435635328292846680e+00
1.271634936332702637e+00
1.117501258850097656e+00
1.250470161437988281e+00
1.514235615730285645e+00
1.569183468818664551e+00
1.032516121864318848e+00
1.021935224533081055e+00
1.097582936286926270e+00
1.101237654685974121e+00
1.091348171234130859e+00
1.089982867240905762e+00
1.069429755210876465e+00
1.057017087936401367e+00
1.061226844787597656e+00
1.090192556381225586e+00
1.097171425819396973e+00
1.093376517295837402e+00
1.068670511245727539e+00
1.103719592094421387e+00
1.070072531700134277e+00
1.050043106079101562e+00
1.097365260124206543e+00
1.105745434761047363e+00
1.081754326820373535e+00
1.121891260147094727e+00
1.090110301971435547e+00
1.183672189712524414e+00
1.539810538291931152e+00
1.404296755790710449e+00
1.485143423080444336e+00
1.434521436691284180e+00
1.275948524475097656e+00
1.229662418365478516e+00
1.202011823654174805e+00
1.138679146766662598e+00
1.126973152160644531e+00
1.117330074310302734e+00
1.140322566032409668e+00
1.083993673324584961e+00
1.110862255096435547e+00
1.219116568565368652e+00
1.216536045074462891e+00
1.152785897254943848e+00
1.119573354721069336e+00
1.336414217948913574e+00
1.352601766586303711e+00
1.273138761520385742e+00
1.236286401748657227e+00
1.153692364692687988e+00
1.179280400276184082e+00
1.059455633163452148e+00
1.072149515151977539e+00
1.123018741607666016e+00
1.047906398773193359e+00
1.075795173645019531e+00
1.136018991470336914e+00
1.459396123886108398e+00
1.496625185012817383e+00
1.254123926162719727e+00
1.491957187652587891e+00
1.220896244049072266e+00
1.104820013046264648e+00
1.274402141571044922e+00
1.285924553871154785e+00
1.329638838768005371e+00
1.186280727386474609e+00
1.371528148651123047e+00
1.370412230491638184e+00
1.356445312500000000e+00
1.355045318603515625e+00
1.438962936401367188e+00
1.420880317687988281e+00
1.403144478797912598e+00
1.379268527030944824e+00
1.328907251358032227e+00
1.373138666152954102e+00
1.323046684265136719e+00
1.270799875259399414e+00
1.407837629318237305e+00
1.394489288330078125e+00
1.300779819488525391e+00
1.302882671356201172e+00
1.460508465766906738e+00
1.430531501770019531e+00
1.372344732284545898e+00
1.438717961311340332e+00
1.372908830642700195e+00
1.436715364456176758e+00
1.448294758796691895e+00
1.483845829963684082e+00
1.471029520034790039e+00
1.490554571151733398e+00
1.480428338050842285e+00
1.470788478851318359e+00
1.493210554122924805e+00
1.441419124603271484e+00
1.525309085845947266e+00
1.444412112236022949e+00
1.586533784866333008e+00
1.593508481979370117e+00
1.606815934181213379e+00
1.359314322471618652e+00
1.509229421615600586e+00
1.564137816429138184e+00
1.549735903739929199e+00
1.342769742012023926e+00
1.394275903701782227e+00
1.380392551422119141e+00
1.511923074722290039e+00
1.423521876335144043e+00
1.419466614723205566e+00
1.380538463592529297e+00
1.453642487525939941e+00
1.338327884674072266e+00
1.269738554954528809e+00
1.234777212142944336e+00
1.526679635047912598e+00
1.254596471786499023e+00
1.381448626518249512e+00
1.487709641456604004e+00
1.330270886421203613e+00
1.311136603355407715e+00
1.265684843063354492e+00
1.060069799423217773e+00
1.290819406509399414e+00
1.473656058311462402e+00
1.546935915946960449e+00
1.422960519790649414e+00
1.383823156356811523e+00
1.178196310997009277e+00
1.009098052978515625e+00
1.273423194885253906e+00
1.186509132385253906e+00
1.294695854187011719e+00
1.284172296524047852e+00
1.328020811080932617e+00
1.399742841720581055e+00
1.298308610916137695e+00
1.351971626281738281e+00
1.373916149139404297e+00
1.358787059783935547e+00
1.274581313133239746e+00
1.297857165336608887e+00
1.375073552131652832e+00
1.247764110565185547e+00
1.311400771141052246e+00
1.085664749145507812e+00
1.168457627296447754e+00
1.256845235824584961e+00
1.229629278182983398e+00
1.072539925575256348e+00
1.087128400802612305e+00
1.173659324645996094e+00
1.173126935958862305e+00
1.277722954750061035e+00
1.674945592880249023e+00
1.578171610832214355e+00
1.481787919998168945e+00
1.357125639915466309e+00
1.409742832183837891e+00
1.107006907463073730e+00
1.098638892173767090e+00
1.314006209373474121e+00
1.140513896942138672e+00
1.016637325286865234e+00
1.040789365768432617e+00
1.254349231719970703e+00
1.203646302223205566e+00
1.023172497749328613e+00
1.053006172180175781e+00
1.029004693031311035e+00
1.103467822074890137e+00
1.041039466857910156e+00
1.417679429054260254e+00
1.420160770416259766e+00
1.454358935356140137e+00
1.502960324287414551e+00
1.475126862525939941e+00
1.448055863380432129e+00
1.516861319541931152e+00
1.455490827560424805e+00
1.441470146179199219e+00
1.537490010261535645e+00
1.485549688339233398e+00
1.450272679328918457e+00
1.175572872161865234e+00
1.172466039657592773e+00
1.110390186309814453e+00
1.262568950653076172e+00
1.057569265365600586e+00
1.414353370666503906e+00
1.415605306625366211e+00
1.429684877395629883e+00
1.429148912429809570e+00
1.451275467872619629e+00
1.434244871139526367e+00
1.469020247459411621e+00
1.533060193061828613e+00
1.396449089050292969e+00
1.480556726455688477e+00
1.436500191688537598e+00
1.511521697044372559e+00
1.500910639762878418e+00
1.468973994255065918e+00
1.487622261047363281e+00
1.420019745826721191e+00
1.368289351463317871e+00
1.377893686294555664e+00
1.596922516822814941e+00
1.335275411605834961e+00
1.278875827789306641e+00
1.111705780029296875e+00
1.084226012229919434e+00
1.071824312210083008e+00
1.178575396537780762e+00
1.156881332397460938e+00
1.241028428077697754e+00
1.201663494110107422e+00
1.114854574203491211e+00
1.074927568435668945e+00
1.062634706497192383e+00
1.094095945358276367e+00
1.050679922103881836e+00
1.086313009262084961e+00
1.002234339714050293e+00
9.487856626510620117e-01
1.090485572814941406e+00
1.127506256103515625e+00
1.038962364196777344e+00
1.108086466789245605e+00
1.092566490173339844e+00
1.072783946990966797e+00
1.205639600753784180e+00
1.369849801063537598e+00
1.476222515106201172e+00
1.485648751258850098e+00
1.511711955070495605e+00
1.430308222770690918e+00
1.444749116897583008e+00
1.625718116760253906e+00
1.442159652709960938e+00
1.263861894607543945e+00
1.285641789436340332e+00
1.527997255325317383e+00
1.334384202957153320e+00
1.251818180084228516e+00
1.310392618179321289e+00
1.274755835533142090e+00
1.250254392623901367e+00
1.378314256668090820e+00
1.172471880912780762e+00
1.178489208221435547e+00
1.421529889106750488e+00
1.297015428543090820e+00
1.387703776359558105e+00
1.272086262702941895e+00
1.273782849311828613e+00
1.199227929115295410e+00
1.310033917427062988e+00
1.378947496414184570e+00
1.119541764259338379e+00
9.818605184555053711e-01
1.070523977279663086e+00
1.063678741455078125e+00
1.071012973785400391e+00
1.175828814506530762e+00
1.211645245552062988e+00
1.216889381408691406e+00
1.234778761863708496e+00
1.236460447311401367e+00
1.176444888114929199e+00
1.204448938369750977e+00
1.209694027900695801e+00
1.202458262443542480e+00
1.175429701805114746e+00
1.184188842773437500e+00
1.099681496620178223e+00
1.056714773178100586e+00
1.028236389160156250e+00
9.312613010406494141e-01
1.102312922477722168e+00
1.172325015068054199e+00
1.508894801139831543e+00
1.322807192802429199e+00
1.244428515434265137e+00
1.164489388465881348e+00
1.121372580528259277e+00
1.130284786224365234e+00
1.052426815032958984e+00
1.112893819808959961e+00
1.140248417854309082e+00
1.171136617660522461e+00
1.109993338584899902e+00
1.200238704681396484e+00
1.160679936408996582e+00
1.027643442153930664e+00
1.015958786010742188e+00
9.863388538360595703e-01
1.019574165344238281e+00
1.064019560813903809e+00
1.009209632873535156e+00
1.029692411422729492e+00
1.096990346908569336e+00
1.083529472351074219e+00
1.104145288467407227e+00
1.152364611625671387e+00
1.023508787155151367e+00
1.056021332740783691e+00
1.083284616470336914e+00
1.093288421630859375e+00
1.349101662635803223e+00
1.234409809112548828e+00
1.514643430709838867e+00
1.516405940055847168e+00
1.467978835105895996e+00
1.382181882858276367e+00
1.222439289093017578e+00
1.200901746749877930e+00
1.253731369972229004e+00
1.256829500198364258e+00
1.266868948936462402e+00
1.279566764831542969e+00
1.091239213943481445e+00
1.004439592361450195e+00
1.007095098495483398e+00
1.185592174530029297e+00
1.276299715042114258e+00
1.399623513221740723e+00
1.273262619972229004e+00
1.368707537651062012e+00
1.582941412925720215e+00
1.315025806427001953e+00
1.113328456878662109e+00
1.191448807716369629e+00
1.069285631179809570e+00
1.048916101455688477e+00
1.112532615661621094e+00
1.160340547561645508e+00
1.121865153312683105e+00
1.203691482543945312e+00
1.290514111518859863e+00
1.296049237251281738e+00
1.259568691253662109e+00
1.246145248413085938e+00
1.268523693084716797e+00
1.254996538162231445e+00
1.381983876228332520e+00
1.346007943153381348e+00
1.337473988533020020e+00
1.374018430709838867e+00
1.403254508972167969e+00
1.416327357292175293e+00
1.400567173957824707e+00
1.437060236930847168e+00
1.303019762039184570e+00
1.129871845245361328e+00
1.103714346885681152e+00
1.155067682266235352e+00
1.236691594123840332e+00
1.295640468597412109e+00
1.398296952247619629e+00
1.418644905090332031e+00
1.454723596572875977e+00
1.421613574028015137e+00
1.402086853981018066e+00
1.293709993362426758e+00
1.292707562446594238e+00
1.400418043136596680e+00
1.425038337707519531e+00
1.323628664016723633e+00
1.338965415954589844e+00
1.331544637680053711e+00
1.216310501098632812e+00
1.238900899887084961e+00
1.530855774879455566e+00
1.458966016769409180e+00
1.458206772804260254e+00
1.436333894729614258e+00
1.411882519721984863e+00
1.397169947624206543e+00
1.418461799621582031e+00
1.422199010848999023e+00
1.391000628471374512e+00
1.351679563522338867e+00
1.372328042984008789e+00
1.374555468559265137e+00
1.454871654510498047e+00
1.508052110671997070e+00
1.470349669456481934e+00
1.365067839622497559e+00
1.312283992767333984e+00
1.261342167854309082e+00
1.314294576644897461e+00
1.328420996665954590e+00
1.309885501861572266e+00
1.237051248550415039e+00
1.130877375602722168e+00
1.172463059425354004e+00
1.259969115257263184e+00
1.328563809394836426e+00
1.293524146080017090e+00
1.482180714607238770e+00
1.334559440612792969e+00
1.504108905792236328e+00
1.363606452941894531e+00
1.066417932510375977e+00
1.293909072875976562e+00
1.340994715690612793e+00
1.378530979156494141e+00
1.238502979278564453e+00
1.129426956176757812e+00
1.094377398490905762e+00
1.070486783981323242e+00
1.061715960502624512e+00
1.072317838668823242e+00
1.106050491333007812e+00
1.314501285552978516e+00
1.251105308532714844e+00
1.354448795318603516e+00
1.417912721633911133e+00
1.081412553787231445e+00
1.062471985816955566e+00
1.086955666542053223e+00
1.166689276695251465e+00
1.475406169891357422e+00
1.485699892044067383e+00
1.334773540496826172e+00
1.271275520324707031e+00
1.081881403923034668e+00
1.068100690841674805e+00
1.105856060981750488e+00
1.089140295982360840e+00
1.080393433570861816e+00
1.043746232986450195e+00
1.009310007095336914e+00
1.215659856796264648e+00
1.049053072929382324e+00
1.132392406463623047e+00
1.328251004219055176e+00
1.244564533233642578e+00
1.250503420829772949e+00
1.123443961143493652e+00
1.085851192474365234e+00
1.051985979080200195e+00
1.001184225082397461e+00
1.075221300125122070e+00
1.062309265136718750e+00
1.000765085220336914e+00
1.067721605300903320e+00
1.100440144538879395e+00
1.037233233451843262e+00
1.058829069137573242e+00
1.053680181503295898e+00
1.037446975708007812e+00
1.312872052192687988e+00
1.495990157127380371e+00
1.332412719726562500e+00
1.509126067161560059e+00
1.446584224700927734e+00
1.326814651489257812e+00
1.287730693817138672e+00
1.176901340484619141e+00
1.110888600349426270e+00
1.075977802276611328e+00
1.059494256973266602e+00
1.059525489807128906e+00
1.066451191902160645e+00
1.060453176498413086e+00
1.019036889076232910e+00
1.103716969490051270e+00
1.047907114028930664e+00
1.006134390830993652e+00
1.004595518112182617e+00
1.184576272964477539e+00
1.127571582794189453e+00
1.080288171768188477e+00
1.025141000747680664e+00
1.043790102005004883e+00
1.194623589515686035e+00
1.325350999832153320e+00
1.386423826217651367e+00
1.233338117599487305e+00
1.336538553237915039e+00
1.277854561805725098e+00
1.290000915527343750e+00
1.443110942840576172e+00
1.556590318679809570e+00
1.511628746986389160e+00
1.587129831314086914e+00
1.406361341476440430e+00
1.579947113990783691e+00
1.640460848808288574e+00
1.428232550621032715e+00
1.425520539283752441e+00
1.435874581336975098e+00
1.475336551666259766e+00
1.483466267585754395e+00
1.527367711067199707e+00
1.501210451126098633e+00
1.403627753257751465e+00
1.318808436393737793e+00
1.337618231773376465e+00
1.359667062759399414e+00
1.307819366455078125e+00
1.372717261314392090e+00
1.448252439498901367e+00
1.468000531196594238e+00
1.420131206512451172e+00
1.557677030563354492e+00
1.554395437240600586e+00
1.537248373031616211e+00
1.355445384979248047e+00
1.367257356643676758e+00
1.392761588096618652e+00
1.497557997703552246e+00
1.091926574707031250e+00
1.288620471954345703e+00
1.416739940643310547e+00
1.353237152099609375e+00
1.132146477699279785e+00
1.001491904258728027e+00
1.034741163253784180e+00
1.034113168716430664e+00
1.023747920989990234e+00
1.079188346862792969e+00
1.061332225799560547e+00
1.062003374099731445e+00
1.015707254409790039e+00
1.038783311843872070e+00
1.022233009338378906e+00
1.128392696380615234e+00
1.141390442848205566e+00
1.036968111991882324e+00
1.079202055931091309e+00
1.084368944168090820e+00
1.004499435424804688e+00
1.059199333190917969e+00
1.033106088638305664e+00
1.029567956924438477e+00
1.118672609329223633e+00
1.066452026367187500e+00
1.053190946578979492e+00
1.069243073463439941e+00
1.017613410949707031e+00
1.065750360488891602e+00
1.042204380035400391e+00
1.022049069404602051e+00
1.132463693618774414e+00
1.251079082489013672e+00
1.469816088676452637e+00
1.617961049079895020e+00
1.333151578903198242e+00
1.433852076530456543e+00
1.112715482711791992e+00
1.240935087203979492e+00
1.419042348861694336e+00
1.487507224082946777e+00
1.615738272666931152e+00
1.508308768272399902e+00
1.445202708244323730e+00
1.372678279876708984e+00
1.401606082916259766e+00
1.300267696380615234e+00
1.297390341758728027e+00
1.402644515037536621e+00
1.430110692977905273e+00
1.392340064048767090e+00
1.505727291107177734e+00
1.664391875267028809e+00
1.502181053161621094e+00
1.432989478111267090e+00
1.459112644195556641e+00
1.442610025405883789e+00
1.324159026145935059e+00
1.209991574287414551e+00
1.332924008369445801e+00
1.114341378211975098e+00
1.036120891571044922e+00
1.070655584335327148e+00
1.059335947036743164e+00
1.078762173652648926e+00
1.082965731620788574e+00
1.108404755592346191e+00
1.058408260345458984e+00
1.091147303581237793e+00
1.210039734840393066e+00
1.151337623596191406e+00
1.104672431945800781e+00
1.028074502944946289e+00
9.966410398483276367e-01
9.895020127296447754e-01
1.019175052642822266e+00
1.039927244186401367e+00
1.029731750488281250e+00
1.046331167221069336e+00
1.039510250091552734e+00
1.064295291900634766e+00
1.059525489807128906e+00
1.119845867156982422e+00
1.094871044158935547e+00
1.044006347656250000e+00
1.032389402389526367e+00
1.059378743171691895e+00
1.020115137100219727e+00
1.045433282852172852e+00
1.048036098480224609e+00
1.059698343276977539e+00
1.052491545677185059e+00
1.052833318710327148e+00
1.074787855148315430e+00
1.098096489906311035e+00
1.306767106056213379e+00
1.406735062599182129e+00
1.334396123886108398e+00
1.333742499351501465e+00
1.391655445098876953e+00
1.326884269714355469e+00
1.377079129219055176e+00
1.319693565368652344e+00
1.324364423751831055e+00
1.439111709594726562e+00
1.494360208511352539e+00
1.533684015274047852e+00
1.359146952629089355e+00
1.442933678627014160e+00
1.429883241653442383e+00
1.313537836074829102e+00
1.557295680046081543e+00
1.520476460456848145e+00
1.440252065658569336e+00
1.377593517303466797e+00
1.444708466529846191e+00
1.398124933242797852e+00
1.313177347183227539e+00
1.308910369873046875e+00
1.320490837097167969e+00
1.226994514465332031e+00
1.269435405731201172e+00
1.222561359405517578e+00
1.107269883155822754e+00
1.093152761459350586e+00
1.079365849494934082e+00
1.039042234420776367e+00
1.064867734909057617e+00
1.095104217529296875e+00
1.108950853347778320e+00
1.059860229492187500e+00
1.082696557044982910e+00
1.074998617172241211e+00
1.107533216476440430e+00
1.116072773933410645e+00
1.042362451553344727e+00
1.074574947357177734e+00
1.055776834487915039e+00
1.030690073966979980e+00
1.049475073814392090e+00
1.060870409011840820e+00
1.093947649002075195e+00
1.059293746948242188e+00
1.066895604133605957e+00
1.036347150802612305e+00
1.071458458900451660e+00
1.063691854476928711e+00
1.055175542831420898e+00
1.002758502960205078e+00
1.092023730278015137e+00
1.115675568580627441e+00
1.162003397941589355e+00
1.172376632690429688e+00
1.196472406387329102e+00
1.250811100006103516e+00
1.368884086608886719e+00
1.281837582588195801e+00
1.095411539077758789e+00
1.061245679855346680e+00
1.008869647979736328e+00
1.083250641822814941e+00
1.088778614997863770e+00
1.096390843391418457e+00
1.071861267089843750e+00
1.124532341957092285e+00
1.061358571052551270e+00
1.091582775115966797e+00
1.063742280006408691e+00
1.074512362480163574e+00
1.071967124938964844e+00
1.306439876556396484e+00
1.344055652618408203e+00
1.293525218963623047e+00
1.321212410926818848e+00
1.091833949089050293e+00
1.071638345718383789e+00
1.024322271347045898e+00
1.058083295822143555e+00
1.063949823379516602e+00
1.046741962432861328e+00
1.104153752326965332e+00
1.079870223999023438e+00
1.090745568275451660e+00
1.075135588645935059e+00
1.032409667968750000e+00
1.055327653884887695e+00
1.039418101310729980e+00
1.037858009338378906e+00
1.022893667221069336e+00
1.107894182205200195e+00
1.036752939224243164e+00
1.047384500503540039e+00
1.009953975677490234e+00
1.064806699752807617e+00
1.068619370460510254e+00
1.097219705581665039e+00
1.012341976165771484e+00
1.046170473098754883e+00
1.073682546615600586e+00
1.039134025573730469e+00
1.091562986373901367e+00
1.087855100631713867e+00
1.056673169136047363e+00
1.117283821105957031e+00
1.046930789947509766e+00
1.081706762313842773e+00
1.067917823791503906e+00
1.071230649948120117e+00
1.051377296447753906e+00
1.042124271392822266e+00
1.058647274971008301e+00
1.053630113601684570e+00
1.076313495635986328e+00
1.024564027786254883e+00
1.060175657272338867e+00
1.047113418579101562e+00
1.005846738815307617e+00
1.069255590438842773e+00
1.065995812416076660e+00
1.030782938003540039e+00
1.030171632766723633e+00
1.051555156707763672e+00
1.020764589309692383e+00
1.091132402420043945e+00
1.106194138526916504e+00
1.119194626808166504e+00
1.096584677696228027e+00
1.107316255569458008e+00
1.053862094879150391e+00
1.081324219703674316e+00
1.063672542572021484e+00
1.037273049354553223e+00
1.038592815399169922e+00
1.054193258285522461e+00
1.034111499786376953e+00
1.064763307571411133e+00
1.083607673645019531e+00
1.037675976753234863e+00
1.060007095336914062e+00
1.082729101181030273e+00
1.040547132492065430e+00
1.031280994415283203e+00
1.123118162155151367e+00
1.069666624069213867e+00
1.061306953430175781e+00
1.072364807128906250e+00
1.050523042678833008e+00
1.051395893096923828e+00
1.088063836097717285e+00
1.000179052352905273e+00
1.093797206878662109e+00
1.053073406219482422e+00
1.059440851211547852e+00
1.057615876197814941e+00
1.163159251213073730e+00
1.281095027923583984e+00
1.364662885665893555e+00
1.164788842201232910e+00
1.086633086204528809e+00
1.117486357688903809e+00
1.052974700927734375e+00
1.082201719284057617e+00
1.079589366912841797e+00
1.059474825859069824e+00
1.068899393081665039e+00
1.083436489105224609e+00
1.035556793212890625e+00
1.051382303237915039e+00
1.053362369537353516e+00
1.099312543869018555e+00
1.047698497772216797e+00
1.074459671974182129e+00
1.221665978431701660e+00
1.167988300323486328e+00
1.074104905128479004e+00
1.048599243164062500e+00
1.069732427597045898e+00
1.073347091674804688e+00
1.058835268020629883e+00
1.027135252952575684e+00
1.067846894264221191e+00
1.038308620452880859e+00
1.071023821830749512e+00
1.076921939849853516e+00
1.064893841743469238e+00
1.072405695915222168e+00
1.068984627723693848e+00
1.108525514602661133e+00
1.076261162757873535e+00
1.047512054443359375e+00
1.069592475891113281e+00
1.065729141235351562e+00
1.092276573181152344e+00
1.075603485107421875e+00
1.055326461791992188e+00
1.068560361862182617e+00
1.074531555175781250e+00
1.049266099929809570e+00
1.091790795326232910e+00
1.055247187614440918e+00
1.038914561271667480e+00
1.058664083480834961e+00
1.074548125267028809e+00
1.035139083862304688e+00
1.049469828605651855e+00
1.039827108383178711e+00
1.069769859313964844e+00
1.036885857582092285e+00
1.084248542785644531e+00
1.104286909103393555e+00
1.080888628959655762e+00
1.153210520744323730e+00
1.132019281387329102e+00
1.115916013717651367e+00
1.184330821037292480e+00
1.251958250999450684e+00
1.317036628723144531e+00
1.229679584503173828e+00
1.072755694389343262e+00
1.064385652542114258e+00
1.079656362533569336e+00
1.073453307151794434e+00
1.028909325599670410e+00
1.135635137557983398e+00
1.359089732170104980e+00
1.399152159690856934e+00
1.346702456474304199e+00
1.433657884597778320e+00
1.558903932571411133e+00
1.538922548294067383e+00
1.497196674346923828e+00
1.420850515365600586e+00
1.267638087272644043e+00
1.377647995948791504e+00
1.351410150527954102e+00
1.363526105880737305e+00
1.428207278251647949e+00
1.356404066085815430e+00
1.337608575820922852e+00
1.039143562316894531e+00
1.025869250297546387e+00
1.013309955596923828e+00
1.102072358131408691e+00
1.287674307823181152e+00
1.161243319511413574e+00
1.311006069183349609e+00
1.116755843162536621e+00
1.331947684288024902e+00
1.363727092742919922e+00
1.393606305122375488e+00
1.379500746726989746e+00
1.535513162612915039e+00
1.426093459129333496e+00
1.427027225494384766e+00
1.402649879455566406e+00
1.493168830871582031e+00
1.452176213264465332e+00
1.371669530868530273e+00
1.424580931663513184e+00
1.424825668334960938e+00
1.431000709533691406e+00
1.413654804229736328e+00
1.436392784118652344e+00
1.548915624618530273e+00
1.474428296089172363e+00
1.593991756439208984e+00
1.445160627365112305e+00
1.478469610214233398e+00
1.512669444084167480e+00
1.406137347221374512e+00
1.423881769180297852e+00
1.426284551620483398e+00
1.443978905677795410e+00
1.465643048286437988e+00
1.553091764450073242e+00
1.487959384918212891e+00
1.434878587722778320e+00
1.358124494552612305e+00
1.362924575805664062e+00
1.116959333419799805e+00
1.106395959854125977e+00
1.412086248397827148e+00
1.398891210556030273e+00
1.381782054901123047e+00
1.285094618797302246e+00
1.118834495544433594e+00
1.077561974525451660e+00
1.081590652465820312e+00
1.298217535018920898e+00
1.074472308158874512e+00
1.371250510215759277e+00
1.614249706268310547e+00
1.508388161659240723e+00
1.402096390724182129e+00
1.214676380157470703e+00
1.391628980636596680e+00
7.478493452072143555e-01
1.099781036376953125e+00
1.335170149803161621e+00
1.115375995635986328e+00
1.037770986557006836e+00
1.079473733901977539e+00
1.092002511024475098e+00
1.077074050903320312e+00
1.055716753005981445e+00
1.090178489685058594e+00
1.079113006591796875e+00
1.106486558914184570e+00
1.095234751701354980e+00
1.045430660247802734e+00
1.040100812911987305e+00
1.082966089248657227e+00
1.083737611770629883e+00
1.032644748687744141e+00
1.065894365310668945e+00
1.051011562347412109e+00
1.066099166870117188e+00
1.066095113754272461e+00
1.036866664886474609e+00
1.075109124183654785e+00
1.052441239356994629e+00
1.052776575088500977e+00
1.043583631515502930e+00
1.057428359985351562e+00
1.238469123840332031e+00
1.505792737007141113e+00
1.329131603240966797e+00
1.375862598419189453e+00
1.351415276527404785e+00
1.121865749359130859e+00
1.126033186912536621e+00
1.042418479919433594e+00
1.043458104133605957e+00
1.096532344818115234e+00
1.089657068252563477e+00
1.174372434616088867e+00
1.311000108718872070e+00
1.157219290733337402e+00
1.235436439514160156e+00
1.412590146064758301e+00
1.352356076240539551e+00
1.435628533363342285e+00
1.488367676734924316e+00
1.466951370239257812e+00
1.313380599021911621e+00
1.180047988891601562e+00
1.125491142272949219e+00
1.114341974258422852e+00
1.058675527572631836e+00
1.037304878234863281e+00
1.059783577919006348e+00
1.069552063941955566e+00
1.077572703361511230e+00
1.072923898696899414e+00
1.061237931251525879e+00
1.051595091819763184e+00
1.102583169937133789e+00
1.118051528930664062e+00
1.092307329177856445e+00
1.111494660377502441e+00
1.052641153335571289e+00
1.045595765113830566e+00
1.031763672828674316e+00
1.025450468063354492e+00
1.071329593658447266e+00
1.084121108055114746e+00
1.036882877349853516e+00
1.100466847419738770e+00
1.101201295852661133e+00
1.053418874740600586e+00
1.066926002502441406e+00
1.113905191421508789e+00
1.063452720642089844e+00
1.100594162940979004e+00
1.544537901878356934e+00
1.331419467926025391e+00
1.163508057594299316e+00
1.081033110618591309e+00
1.029418468475341797e+00
1.142857670783996582e+00
1.447714567184448242e+00
1.344700336456298828e+00
1.426373600959777832e+00
1.322260260581970215e+00
1.243871212005615234e+00
1.420796513557434082e+00
1.616556167602539062e+00
1.391304254531860352e+00
1.430556297302246094e+00
1.403463959693908691e+00
1.081071972846984863e+00
1.075304508209228516e+00
1.064561963081359863e+00
1.095370173454284668e+00
1.056445121765136719e+00
1.069449663162231445e+00
1.075427293777465820e+00
1.065529465675354004e+00
1.060276269912719727e+00
1.077773094177246094e+00
1.067842721939086914e+00
1.053060054779052734e+00
1.081624269485473633e+00
1.112634778022766113e+00
1.059967041015625000e+00
1.062932014465332031e+00
1.055344104766845703e+00
1.063724160194396973e+00
1.072370886802673340e+00
1.066828727722167969e+00
1.056511163711547852e+00
1.092996001243591309e+00
1.047726392745971680e+00
1.026981472969055176e+00
1.056936025619506836e+00
1.115539312362670898e+00
1.068425536155700684e+00
1.065637111663818359e+00
1.078444242477416992e+00
1.056541800498962402e+00
1.112070918083190918e+00
1.074696302413940430e+00
1.094025731086730957e+00
1.086530208587646484e+00
1.057138681411743164e+00
9.701247215270996094e-01
1.459608912467956543e+00
1.588901996612548828e+00
3.184031248092651367e-01
3.177587687969207764e-01
1.394894957542419434e+00
1.465878129005432129e+00
