1.332634210586547852e+00
1.339121937751770020e+00
8.040959835052490234e-01
1.071422100067138672e+00
1.048799514770507812e+00
1.258017063140869141e+00
1.257333040237426758e+00
1.278252840042114258e+00
4.861606955528259277e-01
8.991854190826416016e-01
1.105941176414489746e+00
1.178360939025878906e+00
1.200200796127319336e+00
1.272764801979064941e+00
1.137124419212341309e+00
1.191949963569641113e+00
1.104535222053527832e+00
1.146827220916748047e+00
1.072018027305603027e+00
1.308036327362060547e+00
1.276855111122131348e+00
1.234053134918212891e+00
1.255794286727905273e+00
1.312525272369384766e+00
1.314895153045654297e+00
1.326296329498291016e+00
1.215023279190063477e+00
1.180405735969543457e+00
1.193798184394836426e+00
1.152359127998352051e+00
1.285017490386962891e+00
1.216712713241577148e+00
1.137536525726318359e+00
1.190591573715209961e+00
1.176351785659790039e+00
1.205915689468383789e+00
1.289273500442504883e+00
1.256529569625854492e+00
1.337076902389526367e+00
1.354784369468688965e+00
1.341766476631164551e+00
1.050599217414855957e+00
1.162859439849853516e+00
1.264375209808349609e+00
1.299944639205932617e+00
1.035286426544189453e+00
1.380929708480834961e+00
9.601273536682128906e-01
1.120906949043273926e+00
1.034773826599121094e+00
1.232259750366210938e+00
1.211040019989013672e+00
1.206905245780944824e+00
1.275764584541320801e+00
1.285119771957397461e+00
1.180775046348571777e+00
1.242542743682861328e+00
1.098449587821960449e+00
1.187313318252563477e+00
1.276161432266235352e+00
1.344780921936035156e+00
7.293274402618408203e-01
1.003982543945312500e+00
1.039179921150207520e+00
1.097783088684082031e+00
1.104765534400939941e+00
9.302964210510253906e-01
1.324835538864135742e+00
9.545603394508361816e-01
1.096145629882812500e+00
1.127496242523193359e+00
1.097725749015808105e+00
1.070333957672119141e+00
1.149390220642089844e+00
1.216211795806884766e+00
1.205457568168640137e+00
1.124811768531799316e+00
1.065402269363403320e+00
9.035054445266723633e-01
9.271174669265747070e-01
1.078192949295043945e+00
8.276863694190979004e-01
1.245135188102722168e+00
1.283727526664733887e+00
1.292320489883422852e+00
1.301930904388427734e+00
1.229231715202331543e+00
1.058201074600219727e+00
1.115098118782043457e+00
1.235516905784606934e+00
1.209291100502014160e+00
1.067346096038818359e+00
9.954054355621337891e-01
9.616575837135314941e-01
1.230758070945739746e+00
1.317434310913085938e+00
1.315220236778259277e+00
1.316164493560791016e+00
5.907060503959655762e-01
1.031267166137695312e+00
1.121409177780151367e+00
1.112357854843139648e+00
1.134103417396545410e+00
1.252965331077575684e+00
1.306027412414550781e+00
1.335729956626892090e+00
1.268928408622741699e+00
1.138550043106079102e+00
8.450620174407958984e-01
1.114833712577819824e+00
1.143245458602905273e+00
1.120004773139953613e+00
1.014862060546875000e+00
1.322900414466857910e+00
1.233653783798217773e+00
1.196477174758911133e+00
1.301251769065856934e+00
1.365218997001647949e+00
1.342314839363098145e+00
1.222281217575073242e+00
1.145910382270812988e+00
1.264290571212768555e+00
1.228922128677368164e+00
1.266401886940002441e+00
1.282719135284423828e+00
1.164904117584228516e+00
1.138179659843444824e+00
1.299323320388793945e+00
1.310554027557373047e+00
1.326515674591064453e+00
1.232186555862426758e+00
1.269856095314025879e+00
1.286445140838623047e+00
1.270848631858825684e+00
1.220773935317993164e+00
1.193090677261352539e+00
1.290433406829833984e+00
1.107111692428588867e+00
1.173378705978393555e+00
1.256742000579833984e+00
1.251372456550598145e+00
1.276880621910095215e+00
1.248702049255371094e+00
1.242039442062377930e+00
1.214481115341186523e+00
1.211566329002380371e+00
1.201087951660156250e+00
1.189808368682861328e+00
1.184014558792114258e+00
1.218822479248046875e+00
1.206638455390930176e+00
1.218413710594177246e+00
1.238075375556945801e+00
1.255421638488769531e+00
1.282098650932312012e+00
1.186506032943725586e+00
9.348486065864562988e-01
9.726797342300415039e-01
9.381266832351684570e-01
8.366430401802062988e-01
9.495339989662170410e-01
5.568525791168212891e-01
1.116005778312683105e+00
1.198103427886962891e+00
1.139161229133605957e+00
9.455188512802124023e-01
4.333015084266662598e-01
9.551184773445129395e-01
3.076136410236358643e-01
9.248126149177551270e-01
4.717389643192291260e-01
8.687545061111450195e-01
4.230318069458007812e-01
8.724530935287475586e-01
8.717556595802307129e-01
1.216771602630615234e+00
8.667189478874206543e-01
1.178912162780761719e+00
1.342722058296203613e+00
6.656808257102966309e-01
8.465814590454101562e-01
1.037528753280639648e+00
1.147647261619567871e+00
1.170709609985351562e+00
1.177389025688171387e+00
1.078850626945495605e+00
1.089561820030212402e+00
1.127769470214843750e+00
1.086020588874816895e+00
1.071990728378295898e+00
1.043625831604003906e+00
1.191252231597900391e+00
1.076898455619812012e+00
1.073079943656921387e+00
1.177303314208984375e+00
1.009101629257202148e+00
1.060589909553527832e+00
1.105984687805175781e+00
1.062586188316345215e+00
1.058655738830566406e+00
1.090215325355529785e+00
1.162383317947387695e+00
1.102980971336364746e+00
1.086746335029602051e+00
1.132549524307250977e+00
1.150938272476196289e+00
1.233324527740478516e+00
1.021340131759643555e+00
1.060993194580078125e+00
1.070563077926635742e+00
1.085797786712646484e+00
1.090301752090454102e+00
1.019943714141845703e+00
1.050152778625488281e+00
1.105417013168334961e+00
9.433163404464721680e-01
1.089780569076538086e+00
1.069134235382080078e+00
1.092313885688781738e+00
1.071140050888061523e+00
9.487087726593017578e-01
1.084605455398559570e+00
1.116410732269287109e+00
5.669412016868591309e-01
1.241571784019470215e+00
1.226666569709777832e+00
1.199411153793334961e+00
1.169799804687500000e+00
1.161560058593750000e+00
1.141501665115356445e+00
1.164131522178649902e+00
1.142969369888305664e+00
1.158373713493347168e+00
1.139560103416442871e+00
1.224141359329223633e+00
1.236208915710449219e+00
1.198736190795898438e+00
1.227648377418518066e+00
1.261265277862548828e+00
1.282478094100952148e+00
1.228594899177551270e+00
1.312621951103210449e+00
1.213124990463256836e+00
1.192970752716064453e+00
1.227551221847534180e+00
1.258268833160400391e+00
1.066307067871093750e+00
7.893959283828735352e-01
1.013005733489990234e+00
1.111434102058410645e+00
1.224438548088073730e+00
1.193002343177795410e+00
1.213026046752929688e+00
1.180840969085693359e+00
1.174569606781005859e+00
1.070605516433715820e+00
1.157028436660766602e+00
1.141895890235900879e+00
1.120898962020874023e+00
1.092079758644104004e+00
1.078175306320190430e+00
1.092021703720092773e+00
9.803387522697448730e-01
1.055371522903442383e+00
1.215248823165893555e+00
1.145944833755493164e+00
1.023795366287231445e+00
1.027471542358398438e+00
1.080256223678588867e+00
1.141628265380859375e+00
1.151612520217895508e+00
1.132276773452758789e+00
1.128431439399719238e+00
1.172575235366821289e+00
1.096356511116027832e+00
1.126153945922851562e+00
1.048662424087524414e+00
1.135943055152893066e+00
1.066721320152282715e+00
1.201856851577758789e+00
1.176807165145874023e+00
1.183393716812133789e+00
1.206338882446289062e+00
3.996022045612335205e-01
8.945543169975280762e-01
1.224081754684448242e+00
8.911700248718261719e-01
1.215369224548339844e+00
9.125455617904663086e-01
9.801185727119445801e-01
9.394533038139343262e-01
4.085975289344787598e-01
9.203866124153137207e-01
1.132419466972351074e+00
9.177373647689819336e-01
1.030793666839599609e+00
1.050323963165283203e+00
1.026262402534484863e+00
1.055062055587768555e+00
1.007994651794433594e+00
1.010195016860961914e+00
1.011666297912597656e+00
1.037464618682861328e+00
1.042590141296386719e+00
1.022247076034545898e+00
1.048398256301879883e+00
1.054379463195800781e+00
1.033748388290405273e+00
1.030955791473388672e+00
9.944563508033752441e-01
9.972857236862182617e-01
9.589313268661499023e-01
1.045522451400756836e+00
9.507541060447692871e-01
8.946428894996643066e-01
9.919245839118957520e-01
1.136228799819946289e+00
1.152480483055114746e+00
9.776534438133239746e-01
9.958304166793823242e-01
1.066650986671447754e+00
1.042668581008911133e+00
9.521659016609191895e-01
9.278984665870666504e-01
8.515012264251708984e-01
9.271684885025024414e-01
1.048022985458374023e+00
1.065528988838195801e+00
1.034584403038024902e+00
1.103371858596801758e+00
9.628201723098754883e-01
1.151011228561401367e+00
3.573801517486572266e-01
7.292627692222595215e-01
3.139145374298095703e-01
7.301493287086486816e-01
8.727124929428100586e-01
1.151450395584106445e+00
9.688478708267211914e-01
8.029239773750305176e-01
3.104412853717803955e-01
7.050276994705200195e-01
9.195889830589294434e-01
2.904679179191589355e-01
8.082224130630493164e-01
9.579833149909973145e-01
1.137348651885986328e+00
3.290293812751770020e-01
6.938877105712890625e-01
8.371117711067199707e-01
1.137013673782348633e+00
2.982906997203826904e-01
5.948919653892517090e-01
8.929433226585388184e-01
3.725173771381378174e-01
8.126530647277832031e-01
9.628298282623291016e-01
3.215976059436798096e-01
6.850931644439697266e-01
8.691983819007873535e-01
1.094197750091552734e+00
3.477695882320404053e-01
7.507757544517517090e-01
1.243451118469238281e+00
1.067315816879272461e+00
3.310329020023345947e-01
7.619385123252868652e-01
9.396706223487854004e-01
4.120748937129974365e-01
9.029104113578796387e-01
1.145861148834228516e+00
1.105045676231384277e+00
1.217885613441467285e+00
1.016686439514160156e+00
1.056338548660278320e+00
1.104497313499450684e+00
7.301028966903686523e-01
1.062790751457214355e+00
1.106754899024963379e+00
1.113083720207214355e+00
1.099910020828247070e+00
1.015955328941345215e+00
9.106156229972839355e-01
1.031192898750305176e+00
1.076666712760925293e+00
1.012823104858398438e+00
1.023501157760620117e+00
1.011349558830261230e+00
1.214293003082275391e+00
8.601359128952026367e-01
1.143788099288940430e+00
9.510173797607421875e-01
9.558343887329101562e-01
1.052690863609313965e+00
9.752606153488159180e-01
1.007349252700805664e+00
1.074181079864501953e+00
1.017389059066772461e+00
1.030686140060424805e+00
1.025984525680541992e+00
1.067561864852905273e+00
1.000854015350341797e+00
1.021231412887573242e+00
1.001919031143188477e+00
9.973120689392089844e-01
9.797318577766418457e-01
1.006808996200561523e+00
1.003112673759460449e+00
1.038289546966552734e+00
1.017942667007446289e+00
1.073832750320434570e+00
1.044360160827636719e+00
1.022781014442443848e+00
1.079060792922973633e+00
1.005372524261474609e+00
1.053572058677673340e+00
1.087775826454162598e+00
1.066796064376831055e+00
9.174374938011169434e-01
1.011282324790954590e+00
1.026319861412048340e+00
1.043798923492431641e+00
1.057896256446838379e+00
1.047679185867309570e+00
1.072052478790283203e+00
1.064009308815002441e+00
1.062459111213684082e+00
1.049623727798461914e+00
1.066111564636230469e+00
1.026467800140380859e+00
1.083630204200744629e+00
1.051596164703369141e+00
1.046225070953369141e+00
1.059257268905639648e+00
1.038989782333374023e+00
1.060956239700317383e+00
1.028977155685424805e+00
9.922976493835449219e-01
1.050298810005187988e+00
8.649218082427978516e-01
1.179642200469970703e+00
1.193986535072326660e+00
1.046821832656860352e+00
1.137058496475219727e+00
1.198406457901000977e+00
1.040129661560058594e+00
1.213537812232971191e+00
3.276303112506866455e-01
7.217589616775512695e-01
9.378275871276855469e-01
1.235458970069885254e+00
9.564601778984069824e-01
8.444316983222961426e-01
3.332531452178955078e-01
8.299673199653625488e-01
9.845277070999145508e-01
9.883396625518798828e-01
1.050516843795776367e+00
9.959034919738769531e-01
1.087047934532165527e+00
1.009981870651245117e+00
1.009737968444824219e+00
9.778196811676025391e-01
1.003561496734619141e+00
1.074399948120117188e+00
1.061952829360961914e+00
1.020901918411254883e+00
9.851431846618652344e-01
9.923390150070190430e-01
1.034092783927917480e+00
1.027522087097167969e+00
1.024806022644042969e+00
1.036721110343933105e+00
9.499810934066772461e-01
9.663825631141662598e-01
9.657917618751525879e-01
8.921893239021301270e-01
1.000309824943542480e+00
1.050192117691040039e+00
1.065337181091308594e+00
1.072489738464355469e+00
1.005454301834106445e+00
9.976323843002319336e-01
1.083094000816345215e+00
1.012543916702270508e+00
1.022325992584228516e+00
1.050758600234985352e+00
1.013034462928771973e+00
1.068911552429199219e+00
9.882565140724182129e-01
1.032805442810058594e+00
9.714515209197998047e-01
1.002207517623901367e+00
1.061748743057250977e+00
1.011017441749572754e+00
1.043821096420288086e+00
1.000834107398986816e+00
1.026652455329895020e+00
1.024356365203857422e+00
9.287418127059936523e-01
1.027405142784118652e+00
8.884585499763488770e-01
9.612842202186584473e-01
9.683444499969482422e-01
1.068441867828369141e+00
1.053425788879394531e+00
9.969087839126586914e-01
1.013357877731323242e+00
9.920645952224731445e-01
1.084872603416442871e+00
1.047129392623901367e+00
1.085049033164978027e+00
1.057585477828979492e+00
1.069914460182189941e+00
1.073699235916137695e+00
1.091782331466674805e+00
1.077525854110717773e+00
1.023720145225524902e+00
1.060639142990112305e+00
1.068322539329528809e+00
1.024966835975646973e+00
1.064146995544433594e+00
1.016404271125793457e+00
1.078490495681762695e+00
1.059664011001586914e+00
1.021513938903808594e+00
1.094054818153381348e+00
1.004640579223632812e+00
9.696871042251586914e-01
1.049363493919372559e+00
1.043292641639709473e+00
1.052080392837524414e+00
9.860395193099975586e-01
1.004778623580932617e+00
1.012303829193115234e+00
1.029295921325683594e+00
1.008429050445556641e+00
1.039994716644287109e+00
1.005234956741333008e+00
1.054742574691772461e+00
1.023227572441101074e+00
9.812451004981994629e-01
1.002614378929138184e+00
1.009927392005920410e+00
1.002989053726196289e+00
1.052901983261108398e+00
1.053749561309814453e+00
9.985920190811157227e-01
1.040251255035400391e+00
1.059234619140625000e+00
1.062170386314392090e+00
1.040929555892944336e+00
1.032452583312988281e+00
1.039245128631591797e+00
1.055066108703613281e+00
1.091755032539367676e+00
1.048485040664672852e+00
1.027807712554931641e+00
1.055649518966674805e+00
1.013384103775024414e+00
1.002465963363647461e+00
9.874709844589233398e-01
1.026769042015075684e+00
1.023545265197753906e+00
1.019391179084777832e+00
9.992206692695617676e-01
9.973335266113281250e-01
1.055905818939208984e+00
1.044991016387939453e+00
1.026354670524597168e+00
1.012255668640136719e+00
1.073364973068237305e+00
1.002748727798461914e+00
1.013608694076538086e+00
1.091067314147949219e+00
1.035106420516967773e+00
1.048709154129028320e+00
1.016993045806884766e+00
1.079612970352172852e+00
1.049220561981201172e+00
1.030978083610534668e+00
1.022491455078125000e+00
1.027062654495239258e+00
1.045125007629394531e+00
1.050304412841796875e+00
1.050967097282409668e+00
1.012786865234375000e+00
1.052394628524780273e+00
1.054995298385620117e+00
1.026529073715209961e+00
1.043692946434020996e+00
1.052983522415161133e+00
1.045661449432373047e+00
1.061241388320922852e+00
1.046544194221496582e+00
1.047951221466064453e+00
1.071632623672485352e+00
1.079766869544982910e+00
1.057011961936950684e+00
1.027501583099365234e+00
1.050019741058349609e+00
1.037777900695800781e+00
1.041869163513183594e+00
1.046803236007690430e+00
9.724859595298767090e-01
1.012843132019042969e+00
1.006643772125244141e+00
9.952348470687866211e-01
1.033528447151184082e+00
1.012381434440612793e+00
9.807448983192443848e-01
1.047354459762573242e+00
1.053420782089233398e+00
1.046535253524780273e+00
1.020102977752685547e+00
1.062527775764465332e+00
1.091452002525329590e+00
1.023629903793334961e+00
1.044942498207092285e+00
1.011119604110717773e+00
9.961411356925964355e-01
1.029306888580322266e+00
9.938399791717529297e-01
1.008187532424926758e+00
1.093899369239807129e+00
1.058977365493774414e+00
1.032669663429260254e+00
1.016745328903198242e+00
1.051537990570068359e+00
1.055850982666015625e+00
1.047732949256896973e+00
1.034190058708190918e+00
1.056618690490722656e+00
1.053156971931457520e+00
1.086858034133911133e+00
1.037116050720214844e+00
9.771804213523864746e-01
1.032609105110168457e+00
9.881983399391174316e-01
9.819278717041015625e-01
1.086688518524169922e+00
1.067971944808959961e+00
1.078965663909912109e+00
1.032168745994567871e+00
1.085519313812255859e+00
1.078600406646728516e+00
1.069609642028808594e+00
1.060965061187744141e+00
1.049780130386352539e+00
1.039615273475646973e+00
1.035049438476562500e+00
1.068051815032958984e+00
1.068825125694274902e+00
1.039961934089660645e+00
1.043690681457519531e+00
1.033502340316772461e+00
1.011359930038452148e+00
1.014960289001464844e+00
1.008394718170166016e+00
1.004734992980957031e+00
1.006258726119995117e+00
1.031222462654113770e+00
1.060918927192687988e+00
1.082196235656738281e+00
1.066897869110107422e+00
1.049966096878051758e+00
9.918865561485290527e-01
1.079252958297729492e+00
1.085521817207336426e+00
9.883381724357604980e-01
9.973091483116149902e-01
1.027074933052062988e+00
1.064574718475341797e+00
1.069785237312316895e+00
1.047402739524841309e+00
1.047321557998657227e+00
1.026701331138610840e+00
1.020510792732238770e+00
1.018002986907958984e+00
1.059895157814025879e+00
1.051043629646301270e+00
1.009730935096740723e+00
1.012324690818786621e+00
9.992684125900268555e-01
9.589673876762390137e-01
1.019514799118041992e+00
1.042847514152526855e+00
1.009407162666320801e+00
1.019483566284179688e+00
9.824553132057189941e-01
1.041379690170288086e+00
9.968467950820922852e-01
1.017187833786010742e+00
1.000992536544799805e+00
1.017100691795349121e+00
1.001753330230712891e+00
1.044198751449584961e+00
1.068489313125610352e+00
1.062973141670227051e+00
1.050361633300781250e+00
1.047883987426757812e+00
1.037349820137023926e+00
1.017951607704162598e+00
1.015553236007690430e+00
1.053687095642089844e+00
1.045615077018737793e+00
1.038786172866821289e+00
1.043772220611572266e+00
1.035385131835937500e+00
1.039853215217590332e+00
1.125223636627197266e+00
1.072028756141662598e+00
1.028401136398315430e+00
1.037175893783569336e+00
1.016979932785034180e+00
1.050185680389404297e+00
1.038533210754394531e+00
1.032274365425109863e+00
1.017154216766357422e+00
1.045935034751892090e+00
1.027769327163696289e+00
1.055715084075927734e+00
1.072863459587097168e+00
1.091356515884399414e+00
1.072183489799499512e+00
1.021986484527587891e+00
1.035417795181274414e+00
1.002118349075317383e+00
1.063089609146118164e+00
1.052627325057983398e+00
1.021972417831420898e+00
1.056673765182495117e+00
1.057820796966552734e+00
1.078760743141174316e+00
1.072913289070129395e+00
1.053791284561157227e+00
1.055828332901000977e+00
1.091212749481201172e+00
1.044552206993103027e+00
1.031335711479187012e+00
1.056400537490844727e+00
9.723753333091735840e-01
1.005502223968505859e+00
1.048211336135864258e+00
1.029250860214233398e+00
1.053732991218566895e+00
1.025813579559326172e+00
1.064502716064453125e+00
1.045450687408447266e+00
9.922412633895874023e-01
1.047705411911010742e+00
1.011660099029541016e+00
1.064944267272949219e+00
9.715445041656494141e-01
1.016179561614990234e+00
1.083450675010681152e+00
1.006476044654846191e+00
1.034170389175415039e+00
1.017167568206787109e+00
1.066599130630493164e+00
1.044712185859680176e+00
1.026404142379760742e+00
1.041656017303466797e+00
1.027374505996704102e+00
1.037832260131835938e+00
1.026357769966125488e+00
1.028139472007751465e+00
1.090911984443664551e+00
1.077115058898925781e+00
9.380112886428833008e-01
9.813496470451354980e-01
1.068365812301635742e+00
9.977534413337707520e-01
9.689961075782775879e-01
1.005972146987915039e+00
1.002732038497924805e+00
1.046036005020141602e+00
9.981681108474731445e-01
1.000808715820312500e+00
1.006025314331054688e+00
1.054095387458801270e+00
1.049689531326293945e+00
1.023340940475463867e+00
1.035749197006225586e+00
1.017467498779296875e+00
1.014854907989501953e+00
1.005048990249633789e+00
1.061499714851379395e+00
1.017611265182495117e+00
1.032076835632324219e+00
9.994674921035766602e-01
1.071482300758361816e+00
1.055355072021484375e+00
1.052016258239746094e+00
1.034408330917358398e+00
1.041156530380249023e+00
1.059081554412841797e+00
1.050846815109252930e+00
1.045791387557983398e+00
1.091235160827636719e+00
1.024820446968078613e+00
1.036436676979064941e+00
1.086585760116577148e+00
1.050665140151977539e+00
1.069118857383728027e+00
1.068944334983825684e+00
1.095483064651489258e+00
1.075773954391479492e+00
1.076178312301635742e+00
1.055978298187255859e+00
1.072917819023132324e+00
1.093027949333190918e+00
1.041898250579833984e+00
1.066186904907226562e+00
1.039369702339172363e+00
1.041499376296997070e+00
1.021424770355224609e+00
1.076008558273315430e+00
1.092082619667053223e+00
1.035732746124267578e+00
1.083442568778991699e+00
1.053302645683288574e+00
1.053966522216796875e+00
1.076039314270019531e+00
1.060935974121093750e+00
1.064445614814758301e+00
1.024826288223266602e+00
1.058238506317138672e+00
1.043453693389892578e+00
1.075253248214721680e+00
1.069419622421264648e+00
1.051717996597290039e+00
1.047490358352661133e+00
1.044393181800842285e+00
1.069509267807006836e+00
1.109080791473388672e+00
1.081394791603088379e+00
1.114556312561035156e+00
1.055060625076293945e+00
1.019694566726684570e+00
1.021346926689147949e+00
1.008451938629150391e+00
1.002336502075195312e+00
9.819527864456176758e-01
9.977530837059020996e-01
9.979200363159179688e-01
9.739905595779418945e-01
9.995195269584655762e-01
1.033655405044555664e+00
1.008716702461242676e+00
1.009155392646789551e+00
9.995390176773071289e-01
9.650693535804748535e-01
1.040390253067016602e+00
1.062276363372802734e+00
1.121274948120117188e+00
1.070421934127807617e+00
1.024075269699096680e+00
1.018301010131835938e+00
1.038042068481445312e+00
1.063677549362182617e+00
1.061550498008728027e+00
1.049312114715576172e+00
1.088163375854492188e+00
1.037795424461364746e+00
1.073404431343078613e+00
1.060987830162048340e+00
1.031529903411865234e+00
1.047435283660888672e+00
1.031072616577148438e+00
1.040650606155395508e+00
1.021243333816528320e+00
1.053483128547668457e+00
1.065946340560913086e+00
1.058424711227416992e+00
1.056548476219177246e+00
1.061929941177368164e+00
9.752960801124572754e-01
1.118320465087890625e+00
1.075680732727050781e+00
1.060908317565917969e+00
1.053920388221740723e+00
1.043403029441833496e+00
1.089869260787963867e+00
1.064291000366210938e+00
1.087221860885620117e+00
1.083241701126098633e+00
1.071837067604064941e+00
1.037997484207153320e+00
9.971460700035095215e-01
1.064432621002197266e+00
1.066273689270019531e+00
1.053446531295776367e+00
9.908465147018432617e-01
9.641078710556030273e-01
1.007176876068115234e+00
1.015676736831665039e+00
9.399762749671936035e-01
1.016937017440795898e+00
1.036035776138305664e+00
9.862480759620666504e-01
1.023050308227539062e+00
1.008236885070800781e+00
1.034503698348999023e+00
1.047116041183471680e+00
1.002088189125061035e+00
1.043531656265258789e+00
1.035322785377502441e+00
1.034539818763732910e+00
1.046241044998168945e+00
1.071755409240722656e+00
1.068657755851745605e+00
1.046653509140014648e+00
1.058358192443847656e+00
1.059331059455871582e+00
9.940885305404663086e-01
1.015769958496093750e+00
1.094648122787475586e+00
9.991533160209655762e-01
1.037764072418212891e+00
1.008112907409667969e+00
1.073370814323425293e+00
1.047481536865234375e+00
1.006358861923217773e+00
1.051219344139099121e+00
1.078150510787963867e+00
9.766801595687866211e-01
9.758291840553283691e-01
9.909276962280273438e-01
1.026093959808349609e+00
1.072657346725463867e+00
1.002437829971313477e+00
1.039946317672729492e+00
1.086494684219360352e+00
1.058186769485473633e+00
1.028576612472534180e+00
1.044525980949401855e+00
1.035565257072448730e+00
9.983518123626708984e-01
1.038170695304870605e+00
1.034487962722778320e+00
1.073683023452758789e+00
1.009162545204162598e+00
1.008014917373657227e+00
1.017901301383972168e+00
1.060115694999694824e+00
1.065253734588623047e+00
1.068168163299560547e+00
1.097675323486328125e+00
1.060993194580078125e+00
1.080917954444885254e+00
9.556181430816650391e-01
1.034955263137817383e+00
1.071345567703247070e+00
9.707266688346862793e-01
1.105793952941894531e+00
1.086095094680786133e+00
1.075564622879028320e+00
1.091943383216857910e+00
1.062612295150756836e+00
1.052334785461425781e+00
1.021501898765563965e+00
1.046209812164306641e+00
1.069679737091064453e+00
1.062813043594360352e+00
1.026837587356567383e+00
1.015696525573730469e+00
1.075296163558959961e+00
1.055263519287109375e+00
1.059559702873229980e+00
9.860420227050781250e-01
1.029534339904785156e+00
1.013872146606445312e+00
1.004872322082519531e+00
9.817312359809875488e-01
1.013611316680908203e+00
1.024338841438293457e+00
9.831396937370300293e-01
1.019329547882080078e+00
1.013594388961791992e+00
1.015827894210815430e+00
1.048938035964965820e+00
1.062049269676208496e+00
1.034201502799987793e+00
1.008303880691528320e+00
1.049012541770935059e+00
1.028648734092712402e+00
1.024729251861572266e+00
9.790948033332824707e-01
9.885983467102050781e-01
1.035367965698242188e+00
1.015440583229064941e+00
9.655030965805053711e-01
1.016388893127441406e+00
1.035263776779174805e+00
1.027388811111450195e+00
9.916594624519348145e-01
1.045391559600830078e+00
1.068515896797180176e+00
1.057370066642761230e+00
1.048596978187561035e+00
1.040031194686889648e+00
1.070370435714721680e+00
1.033496856689453125e+00
1.032770156860351562e+00
1.065060019493103027e+00
1.059286236763000488e+00
1.019525289535522461e+00
1.031787395477294922e+00
1.015180468559265137e+00
1.037762165069580078e+00
1.003299474716186523e+00
1.016048669815063477e+00
1.036196351051330566e+00
9.654981493949890137e-01
9.941452741622924805e-01
9.862017631530761719e-01
9.977666139602661133e-01
9.983456134796142578e-01
1.001546859741210938e+00
1.010917425155639648e+00
1.049095511436462402e+00
9.922432899475097656e-01
1.013310194015502930e+00
9.865317940711975098e-01
1.028980255126953125e+00
1.018290996551513672e+00
1.015313267707824707e+00
1.036347627639770508e+00
9.865841865539550781e-01
1.051344990730285645e+00
1.046238899230957031e+00
1.091425180435180664e+00
1.008074045181274414e+00
1.033627510070800781e+00
1.043279170989990234e+00
9.951188564300537109e-01
9.959463477134704590e-01
1.055709838867187500e+00
1.029876351356506348e+00
1.032127380371093750e+00
1.064989089965820312e+00
1.027787923812866211e+00
1.069950461387634277e+00
1.032887101173400879e+00
1.028190374374389648e+00
1.012256503105163574e+00
1.051712632179260254e+00
1.052115917205810547e+00
1.045026302337646484e+00
1.065746068954467773e+00
1.060436725616455078e+00
9.879592061042785645e-01
1.050997734069824219e+00
1.071807980537414551e+00
1.085998058319091797e+00
1.098650455474853516e+00
1.058571577072143555e+00
1.058279037475585938e+00
1.082897663116455078e+00
1.106760859489440918e+00
1.041140198707580566e+00
1.085698127746582031e+00
1.021247863769531250e+00
1.087444663047790527e+00
1.046881437301635742e+00
1.035741329193115234e+00
1.037129640579223633e+00
1.041682958602905273e+00
1.062556982040405273e+00
1.059103965759277344e+00
1.050443649291992188e+00
1.022304892539978027e+00
1.067136764526367188e+00
1.045530557632446289e+00
1.072847962379455566e+00
1.095828413963317871e+00
1.027435064315795898e+00
1.045760512351989746e+00
1.096149563789367676e+00
1.038019418716430664e+00
1.016750097274780273e+00
1.045193433761596680e+00
1.062059164047241211e+00
1.034734129905700684e+00
1.020526289939880371e+00
1.042295932769775391e+00
1.008288621902465820e+00
1.010714292526245117e+00
1.005145192146301270e+00
1.041075229644775391e+00
1.007122278213500977e+00
9.836149811744689941e-01
1.007101655006408691e+00
1.010922193527221680e+00
1.017903566360473633e+00
1.064446926116943359e+00
9.918926358222961426e-01
1.018027544021606445e+00
1.019669890403747559e+00
1.034019589424133301e+00
1.028988599777221680e+00
1.063009023666381836e+00
1.032038688659667969e+00
1.005153775215148926e+00
1.038821697235107422e+00
1.048607349395751953e+00
1.015743494033813477e+00
9.681333303451538086e-01
1.048159718513488770e+00
1.063844203948974609e+00
1.026292324066162109e+00
1.003287911415100098e+00
9.856486320495605469e-01
1.072751164436340332e+00
1.075811862945556641e+00
1.065720796585083008e+00
1.051485061645507812e+00
1.057486414909362793e+00
1.060770988464355469e+00
1.057167530059814453e+00
1.072790861129760742e+00
1.016041994094848633e+00
1.054044008255004883e+00
1.045289993286132812e+00
1.046525239944458008e+00
9.636893272399902344e-01
1.026229143142700195e+00
1.035052537918090820e+00
1.041695713996887207e+00
1.024922728538513184e+00
1.004433155059814453e+00
1.051497817039489746e+00
1.035897731781005859e+00
1.083716034889221191e+00
1.057442426681518555e+00
1.043815851211547852e+00
9.821059703826904297e-01
1.014605283737182617e+00
1.030166625976562500e+00
1.010183572769165039e+00
1.050952672958374023e+00
1.052933454513549805e+00
1.048833727836608887e+00
1.042146682739257812e+00
1.057702302932739258e+00
1.076990365982055664e+00
1.063715934753417969e+00
1.048483610153198242e+00
1.055654764175415039e+00
1.066458821296691895e+00
1.061529159545898438e+00
1.027522325515747070e+00
1.061268210411071777e+00
1.025338411331176758e+00
1.060805082321166992e+00
1.046872854232788086e+00
1.057887196540832520e+00
1.074494123458862305e+00
1.072143912315368652e+00
1.073989391326904297e+00
1.059079051017761230e+00
1.073064684867858887e+00
1.076572179794311523e+00
1.042675971984863281e+00
1.043493747711181641e+00
1.059587478637695312e+00
1.081103324890136719e+00
1.073338508605957031e+00
1.041860103607177734e+00
9.872942566871643066e-01
9.958440661430358887e-01
1.049113512039184570e+00
1.025133371353149414e+00
1.018265247344970703e+00
9.729104638099670410e-01
9.325002431869506836e-01
9.988829493522644043e-01
1.010398149490356445e+00
1.026686668395996094e+00
1.045264244079589844e+00
1.007381916046142578e+00
9.921855926513671875e-01
1.041788339614868164e+00
1.091006398200988770e+00
1.059596776962280273e+00
1.064693212509155273e+00
1.049620866775512695e+00
1.026810169219970703e+00
1.042574763298034668e+00
1.047322392463684082e+00
1.076762080192565918e+00
1.099440455436706543e+00
1.048355102539062500e+00
1.085288524627685547e+00
1.059908628463745117e+00
1.130088806152343750e+00
1.010526895523071289e+00
1.018498182296752930e+00
1.061383724212646484e+00
1.075224041938781738e+00
1.021229028701782227e+00
9.761382937431335449e-01
1.030916690826416016e+00
1.007762551307678223e+00
9.997643828392028809e-01
1.015424489974975586e+00
1.053021192550659180e+00
1.050635695457458496e+00
1.073932290077209473e+00
1.030676841735839844e+00
9.998475313186645508e-01
1.054089546203613281e+00
1.086148738861083984e+00
1.038048267364501953e+00
1.033242225646972656e+00
1.034417390823364258e+00
1.039042949676513672e+00
1.039922356605529785e+00
1.051558852195739746e+00
1.050896167755126953e+00
1.072752356529235840e+00
1.066759347915649414e+00
1.058144927024841309e+00
1.029406189918518066e+00
1.068628311157226562e+00
1.060405492782592773e+00
1.071882963180541992e+00
1.032842993736267090e+00
1.024931788444519043e+00
1.064206480979919434e+00
1.042837738990783691e+00
1.001770496368408203e+00
1.003305435180664062e+00
1.004369497299194336e+00
1.031872272491455078e+00
1.006493091583251953e+00
1.032744884490966797e+00
1.037310600280761719e+00
1.056949615478515625e+00
1.050881981849670410e+00
1.041815757751464844e+00
1.064687728881835938e+00
1.062764167785644531e+00
1.064255118370056152e+00
1.043657422065734863e+00
1.058731794357299805e+00
1.075258255004882812e+00
1.070767045021057129e+00
1.053858160972595215e+00
1.045082092285156250e+00
1.045753955841064453e+00
1.004257202148437500e+00
1.107112407684326172e+00
1.048057794570922852e+00
1.061190128326416016e+00
1.046328067779541016e+00
1.044169902801513672e+00
1.071868300437927246e+00
1.042368292808532715e+00
1.046352505683898926e+00
1.080472826957702637e+00
1.075864076614379883e+00
1.067865490913391113e+00
1.027994394302368164e+00
1.082097291946411133e+00
1.064088106155395508e+00
1.010528922080993652e+00
1.038515925407409668e+00
1.046596050262451172e+00
1.066020965576171875e+00
1.069586992263793945e+00
1.080650806427001953e+00
1.097792863845825195e+00
1.088919878005981445e+00
1.061400651931762695e+00
1.090446591377258301e+00
1.076421022415161133e+00
9.867836236953735352e-01
1.022262454032897949e+00
1.015943050384521484e+00
9.764503240585327148e-01
1.003352403640747070e+00
1.009923815727233887e+00
9.738899469375610352e-01
9.845892190933227539e-01
9.851047992706298828e-01
1.035976648330688477e+00
1.002682685852050781e+00
1.012056589126586914e+00
1.052353382110595703e+00
1.023867130279541016e+00
1.035666465759277344e+00
1.036771297454833984e+00
9.942120313644409180e-01
1.009348750114440918e+00
1.017510414123535156e+00
1.063042163848876953e+00
1.042083024978637695e+00
1.083921074867248535e+00
1.066118001937866211e+00
1.050746083259582520e+00
1.046056032180786133e+00
1.061360836029052734e+00
1.105419158935546875e+00
1.112486004829406738e+00
1.116857409477233887e+00
1.081824660301208496e+00
1.066065788269042969e+00
1.112109303474426270e+00
1.065746188163757324e+00
1.032530784606933594e+00
1.069369196891784668e+00
1.089645385742187500e+00
1.032612800598144531e+00
1.058975696563720703e+00
1.039859294891357422e+00
1.055397629737854004e+00
1.073501706123352051e+00
1.080832123756408691e+00
1.021911859512329102e+00
1.073035597801208496e+00
1.087717533111572266e+00
1.059494018554687500e+00
1.036769866943359375e+00
1.076028585433959961e+00
1.084791421890258789e+00
1.025932669639587402e+00
1.111866354942321777e+00
1.069512724876403809e+00
1.040952205657958984e+00
1.007631540298461914e+00
1.001857399940490723e+00
1.017457008361816406e+00
1.021942138671875000e+00
1.031840562820434570e+00
9.898034930229187012e-01
1.023438930511474609e+00
1.023053526878356934e+00
1.055159807205200195e+00
1.043427467346191406e+00
1.023182153701782227e+00
9.985254406929016113e-01
1.028515219688415527e+00
1.015741109848022461e+00
1.009811878204345703e+00
9.972317218780517578e-01
1.051769852638244629e+00
1.105558753013610840e+00
1.068146228790283203e+00
1.080876827239990234e+00
1.087835073471069336e+00
1.071110963821411133e+00
1.051341176033020020e+00
1.039297580718994141e+00
1.057710528373718262e+00
1.036924362182617188e+00
1.051614761352539062e+00
1.096696138381958008e+00
1.077986359596252441e+00
1.068429231643676758e+00
1.086922764778137207e+00
1.072987437248229980e+00
1.056475639343261719e+00
1.091080427169799805e+00
1.070013523101806641e+00
1.070673942565917969e+00
1.100894927978515625e+00
1.061200141906738281e+00
1.089662790298461914e+00
1.027925968170166016e+00
1.090452671051025391e+00
1.051946759223937988e+00
1.010699868202209473e+00
1.003330230712890625e+00
9.701176881790161133e-01
1.046976685523986816e+00
1.054320335388183594e+00
1.117769002914428711e+00
1.066930770874023438e+00
1.042513370513916016e+00
1.030005693435668945e+00
1.085621595382690430e+00
1.090143442153930664e+00
1.098792672157287598e+00
1.054320454597473145e+00
1.062916517257690430e+00
1.090924859046936035e+00
1.120587825775146484e+00
1.196249008178710938e+00
1.190598249435424805e+00
9.048637747764587402e-01
6.386870741844177246e-01
4.886060357093811035e-01
1.085185289382934570e+00
1.083374381065368652e+00
1.068058490753173828e+00
1.066072702407836914e+00
1.127095699310302734e+00
1.095317840576171875e+00
1.012128829956054688e+00
1.053517699241638184e+00
1.014957189559936523e+00
1.073670506477355957e+00
9.574822783470153809e-01
9.582505226135253906e-01
1.041332006454467773e+00
1.066181182861328125e+00
1.047458410263061523e+00
1.029283285140991211e+00
9.965476989746093750e-01
1.010274171829223633e+00
1.041205167770385742e+00
9.843747019767761230e-01
9.938166737556457520e-01
1.024588465690612793e+00
1.047744154930114746e+00
1.043896913528442383e+00
9.630522131919860840e-01
9.931046366691589355e-01
1.067317724227905273e+00
1.047432899475097656e+00
1.149744987487792969e+00
1.070424318313598633e+00
1.162958264350891113e+00
1.087747693061828613e+00
1.076451778411865234e+00
1.075490832328796387e+00
1.108845949172973633e+00
1.041342020034790039e+00
9.759795665740966797e-01
1.069316148757934570e+00
1.095885396003723145e+00
9.095625281333923340e-01
1.031776189804077148e+00
1.071331501007080078e+00
9.610434770584106445e-01
1.078305840492248535e+00
1.095408558845520020e+00
1.010940551757812500e+00
1.060171604156494141e+00
9.441360831260681152e-01
1.004733681678771973e+00
1.021353840827941895e+00
1.113882303237915039e+00
1.084628820419311523e+00
1.141070604324340820e+00
1.112250447273254395e+00
1.022638559341430664e+00
1.102231144905090332e+00
1.131780028343200684e+00
1.029972791671752930e+00
9.702559113502502441e-01
9.857732653617858887e-01
1.008476853370666504e+00
9.519727826118469238e-01
1.077057600021362305e+00
9.541807770729064941e-01
1.074062824249267578e+00
1.169393301010131836e+00
1.106304645538330078e+00
1.011150360107421875e+00
7.582443952560424805e-01
7.435490489006042480e-01
1.059755206108093262e+00
4.163450002670288086e-01
7.234255075454711914e-01
1.055041193962097168e+00
1.057510614395141602e+00
1.076597809791564941e+00
1.039299011230468750e+00
1.037976026535034180e+00
1.037352323532104492e+00
1.059266090393066406e+00
1.127030968666076660e+00
1.042720079421997070e+00
1.047764301300048828e+00
1.036078453063964844e+00
9.820691943168640137e-01
1.051073312759399414e+00
1.006372213363647461e+00
1.002565145492553711e+00
9.590299129486083984e-01
9.992724657058715820e-01
1.031896352767944336e+00
9.762532711029052734e-01
1.026005983352661133e+00
9.483781456947326660e-01
1.007461786270141602e+00
9.813392162322998047e-01
1.002509355545043945e+00
1.028229236602783203e+00
1.012881755828857422e+00
1.064600467681884766e+00
1.067010641098022461e+00
9.919638037681579590e-01
8.193200230598449707e-01
9.868820905685424805e-01
4.890403747558593750e-01
6.436384320259094238e-01
7.932927608489990234e-01
4.277638792991638184e-01
3.025817573070526123e-01
1.153638243675231934e+00
1.189414024353027344e+00
1.281853795051574707e+00
1.288885831832885742e+00
1.334881663322448730e+00
1.042421102523803711e+00
9.703359603881835938e-01
7.930994033813476562e-01
3.163426518440246582e-01
1.102115392684936523e+00
7.344508767127990723e-01
1.024156570434570312e+00
6.997528076171875000e-01
1.072552680969238281e+00
8.069943189620971680e-01
3.825255334377288818e-01
1.190193176269531250e+00
6.977670192718505859e-01
1.178714871406555176e+00
9.827399253845214844e-01
1.191736221313476562e+00
7.271826267242431641e-01
1.183012485504150391e+00
1.361794710159301758e+00
1.308897972106933594e+00
1.308228254318237305e+00
1.244608879089355469e+00
1.377653360366821289e+00
1.297095894813537598e+00
1.163566350936889648e+00
1.129975557327270508e+00
9.298549294471740723e-01
1.017651557922363281e+00
8.181338906288146973e-01
1.064081072807312012e+00
7.560504674911499023e-01
1.224881529808044434e+00
7.062709331512451172e-01
1.113288879394531250e+00
6.904068589210510254e-01
8.844603300094604492e-01
1.218773961067199707e+00
1.038902282714843750e+00
1.241558670997619629e+00
1.376869678497314453e+00
1.138291358947753906e+00
1.147105574607849121e+00
9.949595332145690918e-01
1.419666767120361328e+00
1.329111218452453613e+00
1.288484334945678711e+00
1.411261677742004395e+00
1.294142365455627441e+00
1.066741466522216797e+00
7.685067057609558105e-01
8.859880566596984863e-01
1.004134893417358398e+00
1.070606231689453125e+00
1.061666488647460938e+00
6.722802519798278809e-01
1.152965903282165527e+00
4.092449843883514404e-01
1.215846776962280273e+00
7.783244252204895020e-01
5.129972696304321289e-01
1.192435264587402344e+00
5.257484912872314453e-01
8.150129318237304688e-01
9.374503493309020996e-01
8.501995801925659180e-01
4.889086782932281494e-01
1.338097691535949707e+00
1.309160947799682617e+00
1.175522923469543457e+00
1.079068303108215332e+00
9.804096221923828125e-01
1.064870357513427734e+00
1.163351058959960938e+00
1.007762908935546875e+00
5.886896848678588867e-01
2.988246381282806396e-01
8.860554695129394531e-01
7.009889483451843262e-01
1.211519002914428711e+00
3.523298203945159912e-01
5.199263095855712891e-01
1.210238099098205566e+00
2.824251651763916016e-01
3.315472602844238281e-01
3.016486167907714844e-01
1.230006575584411621e+00
6.156420707702636719e-01
1.214304685592651367e+00
8.366781473159790039e-01
6.523726582527160645e-01
3.814065158367156982e-01
1.129441261291503906e+00
5.097718834877014160e-01
3.149198293685913086e-01
1.044868707656860352e+00
6.721922159194946289e-01
7.893058061599731445e-01
3.090282380580902100e-01
9.259395003318786621e-01
7.698757052421569824e-01
6.146852970123291016e-01
3.391284346580505371e-01
9.484242796897888184e-01
5.356779694557189941e-01
8.493260145187377930e-01
8.117431998252868652e-01
6.437191963195800781e-01
7.048940062522888184e-01
7.123456001281738281e-01
8.616024851799011230e-01
8.898879289627075195e-01
9.247991442680358887e-01
1.003548860549926758e+00
1.071149110794067383e+00
9.860696792602539062e-01
1.176753640174865723e+00
1.259969472885131836e+00
1.295953631401062012e+00
1.268977642059326172e+00
1.289563894271850586e+00
1.238926529884338379e+00
1.190949440002441406e+00
1.100188255310058594e+00
1.035025358200073242e+00
5.393602252006530762e-01
7.359312176704406738e-01
1.130298614501953125e+00
9.634861350059509277e-01
4.658662080764770508e-01
8.027728199958801270e-01
3.970052301883697510e-01
1.114738106727600098e+00
5.077896118164062500e-01
1.100255846977233887e+00
4.547215104103088379e-01
1.151072859764099121e+00
8.060263395309448242e-01
8.141774535179138184e-01
1.164860129356384277e+00
1.127089500427246094e+00
1.085247278213500977e+00
1.141357898712158203e+00
1.189221620559692383e+00
1.224704980850219727e+00
1.188684940338134766e+00
1.155539274215698242e+00
1.102212667465209961e+00
1.100852012634277344e+00
1.110919713973999023e+00
1.181208610534667969e+00
5.254044532775878906e-01
8.579912185668945312e-01
1.158455014228820801e+00
7.583510279655456543e-01
1.192523241043090820e+00
1.173017144203186035e+00
1.197657346725463867e+00
1.093984603881835938e+00
1.016438007354736328e+00
1.083501100540161133e+00
1.073204755783081055e+00
1.085938692092895508e+00
1.017150163650512695e+00
1.016672253608703613e+00
1.050639152526855469e+00
9.958693385124206543e-01
9.894045591354370117e-01
1.010188817977905273e+00
1.218012809753417969e+00
1.109700679779052734e+00
1.145898103713989258e+00
1.248946905136108398e+00
1.212516784667968750e+00
1.043928623199462891e+00
1.046105384826660156e+00
1.226205468177795410e+00
1.035514593124389648e+00
1.213110089302062988e+00
1.025582313537597656e+00
7.593523859977722168e-01
8.055188655853271484e-01
6.614947319030761719e-01
7.725887894630432129e-01
7.783720493316650391e-01
9.734148979187011719e-01
9.940559267997741699e-01
1.025972604751586914e+00
1.121811389923095703e+00
1.034003019332885742e+00
1.061203241348266602e+00
1.033815741539001465e+00
1.022663354873657227e+00
1.027257442474365234e+00
1.039185166358947754e+00
9.970334172248840332e-01
9.753119945526123047e-01
1.073011159896850586e+00
1.159712791442871094e+00
1.255307078361511230e+00
1.259151935577392578e+00
1.258094906806945801e+00
1.233490943908691406e+00
1.227370858192443848e+00
1.117061018943786621e+00
1.227980852127075195e+00
1.118397593498229980e+00
1.026109695434570312e+00
1.020852804183959961e+00
1.072241544723510742e+00
1.052106380462646484e+00
1.072460293769836426e+00
1.074562072753906250e+00
1.039476394653320312e+00
1.071883440017700195e+00
1.109200119972229004e+00
1.036643981933593750e+00
1.052878379821777344e+00
1.022237777709960938e+00
1.001072406768798828e+00
9.882791638374328613e-01
9.925915002822875977e-01
9.871478676795959473e-01
1.079713702201843262e+00
1.165482759475708008e+00
1.149904131889343262e+00
1.015805721282958984e+00
4.844113886356353760e-01
1.109801411628723145e+00
6.122074723243713379e-01
1.271176338195800781e+00
6.818549036979675293e-01
1.218664050102233887e+00
6.883446574211120605e-01
1.150284767150878906e+00
8.710333108901977539e-01
1.222735524177551270e+00
1.101365089416503906e+00
1.042484283447265625e+00
1.017742156982421875e+00
1.019317626953125000e+00
1.041929125785827637e+00
1.088361144065856934e+00
9.855027794837951660e-01
1.140809297561645508e+00
8.564300537109375000e-01
9.184448122978210449e-01
1.261344671249389648e+00
8.610675930976867676e-01
1.218257546424865723e+00
1.316875934600830078e+00
1.280360221862792969e+00
1.306596040725708008e+00
1.444232463836669922e+00
1.266210317611694336e+00
1.251561760902404785e+00
1.376911759376525879e+00
1.280902504920959473e+00
1.209514141082763672e+00
1.337583184242248535e+00
1.288320422172546387e+00
1.181004762649536133e+00
1.325846791267395020e+00
1.167076230049133301e+00
1.268138647079467773e+00
1.216577053070068359e+00
1.301684141159057617e+00
1.244346737861633301e+00
1.058359026908874512e+00
1.064621686935424805e+00
1.319663286209106445e+00
1.294869065284729004e+00
1.313649177551269531e+00
1.236524343490600586e+00
1.242846369743347168e+00
1.289141058921813965e+00
1.139981865882873535e+00
1.081712841987609863e+00
1.234128832817077637e+00
1.191094279289245605e+00
1.062203407287597656e+00
1.015452623367309570e+00
9.948551058769226074e-01
9.831144809722900391e-01
1.059294462203979492e+00
1.039534330368041992e+00
1.018623113632202148e+00
1.033956527709960938e+00
1.087037682533264160e+00
1.055544495582580566e+00
1.004990816116333008e+00
1.085505962371826172e+00
1.190557837486267090e+00
1.125710010528564453e+00
1.045565605163574219e+00
9.983615279197692871e-01
9.983077645301818848e-01
9.906334280967712402e-01
1.026043415069580078e+00
1.118122339248657227e+00
1.165277600288391113e+00
1.249216318130493164e+00
1.243085622787475586e+00
1.200233936309814453e+00
1.020128607749938965e+00
1.254720091819763184e+00
1.219844818115234375e+00
1.237750768661499023e+00
1.213048338890075684e+00
1.205692291259765625e+00
3.146069645881652832e-01
1.360983848571777344e+00
1.669803857803344727e+00
6.936026811599731445e-01
1.288146853446960449e+00
1.162534236907958984e+00
1.307323813438415527e+00
1.223743915557861328e+00
1.591661930084228516e+00
1.263213038444519043e+00
1.361747264862060547e+00
1.259517908096313477e+00
1.291497349739074707e+00
1.286833047866821289e+00
1.290892243385314941e+00
1.207289457321166992e+00
3.201338648796081543e-01
1.303621888160705566e+00
1.150261402130126953e+00
1.274808645248413086e+00
1.313280582427978516e+00
1.323943018913269043e+00
1.299390673637390137e+00
1.327334761619567871e+00
1.376036763191223145e+00
1.417730331420898438e+00
1.263141036033630371e+00
1.310988306999206543e+00
9.175626039505004883e-01
1.357606649398803711e+00
1.231373548507690430e+00
1.106603622436523438e+00
1.216014146804809570e+00
2.940672636032104492e-01
3.353051245212554932e-01
9.083774685859680176e-01
1.296877145767211914e+00
1.335582494735717773e+00
1.243906497955322266e+00
1.230731487274169922e+00
2.907404005527496338e-01
1.362259626388549805e+00
1.568670868873596191e+00
1.166265606880187988e+00
1.342538356781005859e+00
1.423661708831787109e+00
9.813667535781860352e-01
1.559395790100097656e+00
2.851366996765136719e-01
1.397726058959960938e+00
1.173326253890991211e+00
1.266613245010375977e+00
2.953326106071472168e-01
1.722593188285827637e+00
3.319286406040191650e-01
1.527541041374206543e+00
3.177875578403472900e-01
1.233174800872802734e+00
1.536851644515991211e+00
1.425778627395629883e+00
1.638776063919067383e+00
1.303112387657165527e+00
5.841898322105407715e-01
1.408904433250427246e+00
1.526815414428710938e+00
3.185293078422546387e-01
1.571742892265319824e+00
7.421367168426513672e-01
3.238050639629364014e-01
1.520649790763854980e+00
1.474247932434082031e+00
1.460547447204589844e+00
4.097580015659332275e-01
8.721925020217895508e-01
3.240250945091247559e-01
4.562185108661651611e-01
1.489508986473083496e+00
1.058870792388916016e+00
8.522010445594787598e-01
2.998336851596832275e-01
1.517500877380371094e+00
7.380730509757995605e-01
3.439968824386596680e-01
1.292549490928649902e+00
9.746914505958557129e-01
3.134808838367462158e-01
9.708381891250610352e-01
4.300139844417572021e-01
8.296299576759338379e-01
6.898963451385498047e-01
1.298341393470764160e+00
1.162170290946960449e+00
1.287125349044799805e+00
7.085163593292236328e-01
2.921836674213409424e-01
1.458186030387878418e+00
7.646056413650512695e-01
1.295607209205627441e+00
5.925441980361938477e-01
5.003892779350280762e-01
3.021209239959716797e-01
2.920588850975036621e-01
8.170330524444580078e-01
8.829677700996398926e-01
3.490189909934997559e-01
9.887424707412719727e-01
3.580056428909301758e-01
3.002511262893676758e-01
1.471566677093505859e+00
1.240012645721435547e+00
1.012159824371337891e+00
1.430000662803649902e+00
3.327308893203735352e-01
8.480908870697021484e-01
1.584491491317749023e+00
1.676615834236145020e+00
2.956997454166412354e-01
1.536156535148620605e+00
1.472269415855407715e+00
1.155713558197021484e+00
1.625340342521667480e+00
5.271252393722534180e-01
1.399832963943481445e+00
6.087009906768798828e-01
7.146403193473815918e-01
2.648856043815612793e-01
3.324862718582153320e-01
3.080961704254150391e-01
1.525487899780273438e+00
3.342585563659667969e-01
9.976229071617126465e-01
2.859784066677093506e-01
1.400100946426391602e+00
1.324063062667846680e+00
1.030194282531738281e+00
1.194793224334716797e+00
6.076630353927612305e-01
4.113781750202178955e-01
9.809303879737854004e-01
1.268145680427551270e+00
2.917610704898834229e-01
3.280051946640014648e-01
3.091266155242919922e-01
2.945505380630493164e-01
3.016939461231231689e-01
2.942237257957458496e-01
1.073045015335083008e+00
3.110227882862091064e-01
3.250657021999359131e-01
1.098829030990600586e+00
1.078175544738769531e+00
9.567180871963500977e-01
1.018963813781738281e+00
9.762998819351196289e-01
1.035329222679138184e+00
1.032547116279602051e+00
1.050908565521240234e+00
1.050405263900756836e+00
1.017318487167358398e+00
1.029710769653320312e+00
1.090582847595214844e+00
1.072591543197631836e+00
1.076925158500671387e+00
1.098773479461669922e+00
1.033117532730102539e+00
1.053830385208129883e+00
1.130789160728454590e+00
1.082580089569091797e+00
1.066022634506225586e+00
1.040155053138732910e+00
1.083329081535339355e+00
1.001820564270019531e+00
1.039024591445922852e+00
1.041699886322021484e+00
1.053105354309082031e+00
9.510715007781982422e-01
1.060687065124511719e+00
1.091803908348083496e+00
1.088311553001403809e+00
1.108176469802856445e+00
1.071605920791625977e+00
1.055376291275024414e+00
1.116888880729675293e+00
1.018449544906616211e+00
1.113012552261352539e+00
9.042017459869384766e-01
