1.004368782043457031e+00
1.180922508239746094e+00
1.222997069358825684e+00
1.188134670257568359e+00
1.199983716011047363e+00
1.150980710983276367e+00
1.128252267837524414e+00
1.194268941879272461e+00
1.158286690711975098e+00
1.155913352966308594e+00
1.207564353942871094e+00
1.196880102157592773e+00
1.130865097045898438e+00
9.972261190414428711e-01
1.232303261756896973e+00
1.095193505287170410e+00
1.165755748748779297e+00
1.154330968856811523e+00
1.201647281646728516e+00
1.209637284278869629e+00
1.196263790130615234e+00
1.169072151184082031e+00
1.153349041938781738e+00
1.200609207153320312e+00
1.113580703735351562e+00
1.148746967315673828e+00
1.165375709533691406e+00
1.124121189117431641e+00
1.210049986839294434e+00
1.163589954376220703e+00
1.172927618026733398e+00
1.174763798713684082e+00
1.228941202163696289e+00
1.194775223731994629e+00
1.281631469726562500e+00
1.104708909988403320e+00
1.140707015991210938e+00
1.102669239044189453e+00
1.103597521781921387e+00
1.117971539497375488e+00
1.066609144210815430e+00
1.060819625854492188e+00
1.023097991943359375e+00
1.087661147117614746e+00
1.160955429077148438e+00
1.062421321868896484e+00
1.109610199928283691e+00
1.074982166290283203e+00
1.046729683876037598e+00
1.124620676040649414e+00
1.040195345878601074e+00
1.143914699554443359e+00
1.086768746376037598e+00
1.258217096328735352e+00
1.005388736724853516e+00
1.086843371391296387e+00
1.133915901184082031e+00
1.015617251396179199e+00
1.172884702682495117e+00
1.165544509887695312e+00
1.164965748786926270e+00
1.085952758789062500e+00
9.733196496963500977e-01
1.098696231842041016e+00
1.090822100639343262e+00
1.085348844528198242e+00
1.166175842285156250e+00
9.669173359870910645e-01
1.250222682952880859e+00
1.155751824378967285e+00
1.052038192749023438e+00
1.037646651268005371e+00
1.086254596710205078e+00
1.051244258880615234e+00
1.086807131767272949e+00
1.030236124992370605e+00
1.043791055679321289e+00
1.039252638816833496e+00
1.050052642822265625e+00
1.090215682983398438e+00
1.080537080764770508e+00
1.104318618774414062e+00
1.055801749229431152e+00
1.074091196060180664e+00
1.065221905708312988e+00
1.089798212051391602e+00
1.119994401931762695e+00
1.150889515876770020e+00
1.014633417129516602e+00
1.124777436256408691e+00
1.161191940307617188e+00
1.189078330993652344e+00
1.131557226181030273e+00
1.081658363342285156e+00
1.022899508476257324e+00
1.179595947265625000e+00
1.106973290443420410e+00
1.128432512283325195e+00
1.120466828346252441e+00
1.139255642890930176e+00
1.107151150703430176e+00
1.233169555664062500e+00
1.239657402038574219e+00
1.207824587821960449e+00
1.211371064186096191e+00
1.175388097763061523e+00
1.067523241043090820e+00
1.075484037399291992e+00
1.038142085075378418e+00
1.074679017066955566e+00
1.063573122024536133e+00
1.092782258987426758e+00
1.120994210243225098e+00
1.055261850357055664e+00
1.054938316345214844e+00
1.272353291511535645e+00
1.150724411010742188e+00
1.315185904502868652e+00
1.336134433746337891e+00
1.204436302185058594e+00
1.317164301872253418e+00
1.215391039848327637e+00
1.213949322700500488e+00
1.176959991455078125e+00
1.161229372024536133e+00
1.292438507080078125e+00
1.175620555877685547e+00
1.205268144607543945e+00
1.306115984916687012e+00
1.089823603630065918e+00
1.076960682868957520e+00
1.091133713722229004e+00
1.129161953926086426e+00
1.148266077041625977e+00
1.164419651031494141e+00
1.115412831306457520e+00
9.895091652870178223e-01
1.160349130630493164e+00
1.202644228935241699e+00
9.814904332160949707e-01
1.305910110473632812e+00
1.308429241180419922e+00
1.267235755920410156e+00
1.258244395256042480e+00
1.247368812561035156e+00
1.204330086708068848e+00
1.066459774971008301e+00
1.051340222358703613e+00
1.132630944252014160e+00
1.083265662193298340e+00
1.085337162017822266e+00
1.105586290359497070e+00
1.187891602516174316e+00
1.127332925796508789e+00
1.000257253646850586e+00
1.005311012268066406e+00
1.118690133094787598e+00
9.152687191963195801e-01
9.412332177162170410e-01
1.104193091392517090e+00
9.442175030708312988e-01
1.009114503860473633e+00
1.127922177314758301e+00
1.085047721862792969e+00
1.257679700851440430e+00
1.312958121299743652e+00
1.290700078010559082e+00
1.145288228988647461e+00
1.271685719490051270e+00
1.284851908683776855e+00
1.270027637481689453e+00
1.248269081115722656e+00
1.148325920104980469e+00
1.173332929611206055e+00
1.164858102798461914e+00
1.146404266357421875e+00
1.171605348587036133e+00
1.219709753990173340e+00
1.261329412460327148e+00
1.120470285415649414e+00
1.115072250366210938e+00
1.185115933418273926e+00
1.216148257255554199e+00
1.204127311706542969e+00
1.184635162353515625e+00
1.237487673759460449e+00
1.278959870338439941e+00
9.830092787742614746e-01
7.444868087768554688e-01
1.327415347099304199e+00
1.255083918571472168e+00
1.232508301734924316e+00
1.167337179183959961e+00
1.169580936431884766e+00
1.267271280288696289e+00
1.201686024665832520e+00
1.082767605781555176e+00
1.088817596435546875e+00
1.142003417015075684e+00
1.024733304977416992e+00
1.212917923927307129e+00
1.036183357238769531e+00
1.130923271179199219e+00
1.167174577713012695e+00
1.277674913406372070e+00
9.278968572616577148e-01
1.072270989418029785e+00
1.104512453079223633e+00
1.142447948455810547e+00
9.583381414413452148e-01
1.130237698554992676e+00
1.149781823158264160e+00
1.074851989746093750e+00
1.219714403152465820e+00
1.214940547943115234e+00
1.173350572586059570e+00
1.187823653221130371e+00
1.184624314308166504e+00
1.177252054214477539e+00
1.201514244079589844e+00
1.191188931465148926e+00
1.187362909317016602e+00
1.187090992927551270e+00
1.216541290283203125e+00
1.201698184013366699e+00
1.170285940170288086e+00
1.167825341224670410e+00
1.198579668998718262e+00
1.197339534759521484e+00
1.191934466361999512e+00
1.199287891387939453e+00
1.197196125984191895e+00
1.210829377174377441e+00
1.197209835052490234e+00
1.209391713142395020e+00
1.215409040451049805e+00
1.220594763755798340e+00
1.185404419898986816e+00
1.196307301521301270e+00
1.144492387771606445e+00
1.141705632209777832e+00
1.200106859207153320e+00
1.154069423675537109e+00
1.164563298225402832e+00
1.243665933609008789e+00
1.120388388633728027e+00
1.225579023361206055e+00
1.187571763992309570e+00
1.139557838439941406e+00
1.187147021293640137e+00
1.134407997131347656e+00
1.194546222686767578e+00
1.224572896957397461e+00
1.252174019813537598e+00
1.297235488891601562e+00
1.255503416061401367e+00
1.279864907264709473e+00
1.279631257057189941e+00
1.199239373207092285e+00
1.111777663230895996e+00
1.070476531982421875e+00
1.064375162124633789e+00
1.026230335235595703e+00
1.035130262374877930e+00
1.072702646255493164e+00
1.125816106796264648e+00
1.109235167503356934e+00
1.106043100357055664e+00
1.097674608230590820e+00
1.037828683853149414e+00
1.078757762908935547e+00
1.084217667579650879e+00
1.134934663772583008e+00
1.000326633453369141e+00
1.237913966178894043e+00
1.192160606384277344e+00
1.181758403778076172e+00
1.194130897521972656e+00
1.190797805786132812e+00
1.151312708854675293e+00
1.204881310462951660e+00
1.247551202774047852e+00
1.238870263099670410e+00
1.151003599166870117e+00
1.156795024871826172e+00
1.137802839279174805e+00
1.146216869354248047e+00
1.164326667785644531e+00
1.195747971534729004e+00
1.130090832710266113e+00
1.129264473915100098e+00
1.210042476654052734e+00
1.214642643928527832e+00
1.206165313720703125e+00
1.153751134872436523e+00
1.160561323165893555e+00
1.481356978416442871e+00
1.479721307754516602e+00
1.507503390312194824e+00
1.202313303947448730e+00
1.559103012084960938e+00
1.493423819541931152e+00
1.323617219924926758e+00
1.374579429626464844e+00
1.551023483276367188e+00
1.638468980789184570e+00
1.467809557914733887e+00
5.580667257308959961e-01
1.163592576980590820e+00
7.032704949378967285e-01
1.057953476905822754e+00
1.451751470565795898e+00
1.610241413116455078e+00
1.529082655906677246e+00
1.411466002464294434e+00
1.371861577033996582e+00
1.488615393638610840e+00
1.444593310356140137e+00
1.475059866905212402e+00
1.511989355087280273e+00
1.504321336746215820e+00
1.507364988327026367e+00
1.534693360328674316e+00
1.540031433105468750e+00
1.593460202217102051e+00
1.399632215499877930e+00
1.412007212638854980e+00
1.233574628829956055e+00
1.222400903701782227e+00
1.213565826416015625e+00
1.167255043983459473e+00
1.230408191680908203e+00
1.197656989097595215e+00
1.222480297088623047e+00
1.193737268447875977e+00
1.159869670867919922e+00
1.167400836944580078e+00
1.198181390762329102e+00
1.209137916564941406e+00
1.196905374526977539e+00
1.186374306678771973e+00
1.206618309020996094e+00
1.206491112709045410e+00
1.178697824478149414e+00
1.231191873550415039e+00
1.196713089942932129e+00
1.208866357803344727e+00
1.214143514633178711e+00
1.179625391960144043e+00
1.183758139610290527e+00
1.203030109405517578e+00
1.216130018234252930e+00
1.189001560211181641e+00
1.237073421478271484e+00
1.188165426254272461e+00
1.195133447647094727e+00
1.176686406135559082e+00
1.193778991699218750e+00
1.157352447509765625e+00
1.169068336486816406e+00
1.176186323165893555e+00
1.131155729293823242e+00
1.091556668281555176e+00
1.149910449981689453e+00
1.139231801033020020e+00
1.195428133010864258e+00
1.120234012603759766e+00
1.150445342063903809e+00
1.169219851493835449e+00
1.145384430885314941e+00
1.169748902320861816e+00
1.165820598602294922e+00
1.144747257232666016e+00
1.157945752143859863e+00
1.127432465553283691e+00
1.100552201271057129e+00
1.075395345687866211e+00
1.085613250732421875e+00
1.200549721717834473e+00
1.147514104843139648e+00
1.194239377975463867e+00
1.210391283035278320e+00
1.142259359359741211e+00
1.096342921257019043e+00
1.237546205520629883e+00
1.250470161437988281e+00
1.195747256278991699e+00
1.202250599861145020e+00
1.298275947570800781e+00
1.231594324111938477e+00
1.230973958969116211e+00
1.280794620513916016e+00
1.195365309715270996e+00
1.255461335182189941e+00
1.186562538146972656e+00
1.265522956848144531e+00
1.264227867126464844e+00
1.209220886230468750e+00
1.214522004127502441e+00
1.288415193557739258e+00
1.274764060974121094e+00
1.298594474792480469e+00
1.359771251678466797e+00
1.298322200775146484e+00
1.311800360679626465e+00
1.267126560211181641e+00
1.255209565162658691e+00
1.176647186279296875e+00
1.213738322257995605e+00
1.216340661048889160e+00
1.147329568862915039e+00
1.175432682037353516e+00
1.251396417617797852e+00
1.266765832901000977e+00
1.269832849502563477e+00
1.227216958999633789e+00
1.199655771255493164e+00
1.180401921272277832e+00
1.130109548568725586e+00
1.109722852706909180e+00
1.087326645851135254e+00
1.064709067344665527e+00
1.056816697120666504e+00
1.077703595161437988e+00
1.070557713508605957e+00
1.085355520248413086e+00
1.058659076690673828e+00
1.063669443130493164e+00
1.059858083724975586e+00
1.110806345939636230e+00
1.070686340332031250e+00
1.117315530776977539e+00
1.065358638763427734e+00
1.108904004096984863e+00
1.130746364593505859e+00
1.121330738067626953e+00
1.091596484184265137e+00
1.113402247428894043e+00
1.122229218482971191e+00
1.125412344932556152e+00
1.138244390487670898e+00
1.248867750167846680e+00
1.294833660125732422e+00
1.291664242744445801e+00
1.042322516441345215e+00
1.057327032089233398e+00
1.085629940032958984e+00
1.054605484008789062e+00
1.087841749191284180e+00
1.061692714691162109e+00
1.062105417251586914e+00
1.090015888214111328e+00
1.247782945632934570e+00
1.257808446884155273e+00
1.185945749282836914e+00
1.172841072082519531e+00
1.115179777145385742e+00
1.094488382339477539e+00
1.085901975631713867e+00
1.140003204345703125e+00
1.203501343727111816e+00
1.249103307723999023e+00
1.236227393150329590e+00
1.261869072914123535e+00
1.215353965759277344e+00
1.244605302810668945e+00
1.266090393066406250e+00
1.280610680580139160e+00
1.296380519866943359e+00
1.247407913208007812e+00
1.313958406448364258e+00
1.330537676811218262e+00
1.259657144546508789e+00
1.193992018699645996e+00
1.104786992073059082e+00
1.075152635574340820e+00
1.149491548538208008e+00
1.295869708061218262e+00
1.370161890983581543e+00
1.342763662338256836e+00
1.288272738456726074e+00
1.290886878967285156e+00
1.232118606567382812e+00
1.287482142448425293e+00
1.291013598442077637e+00
1.274485826492309570e+00
1.301150560379028320e+00
1.317556738853454590e+00
1.327805280685424805e+00
1.305829763412475586e+00
1.321041822433471680e+00
1.362780451774597168e+00
1.348022580146789551e+00
1.268140077590942383e+00
1.374632120132446289e+00
1.501656532287597656e+00
1.227448463439941406e+00
1.282244682312011719e+00
1.339812994003295898e+00
1.317563891410827637e+00
1.302881479263305664e+00
1.150024294853210449e+00
1.208328962326049805e+00
1.339142084121704102e+00
1.185142993927001953e+00
1.216480135917663574e+00
1.120002508163452148e+00
1.133103132247924805e+00
1.221267938613891602e+00
1.237138271331787109e+00
1.295606374740600586e+00
1.305221319198608398e+00
1.307021617889404297e+00
1.298040747642517090e+00
1.276201009750366211e+00
1.254403114318847656e+00
1.263857841491699219e+00
1.283874869346618652e+00
1.252021312713623047e+00
1.264305353164672852e+00
1.252904772758483887e+00
1.247178912162780762e+00
1.286514759063720703e+00
1.278292059898376465e+00
1.291791677474975586e+00
1.286955714225769043e+00
1.246710658073425293e+00
1.215771079063415527e+00
1.163910388946533203e+00
1.215756654739379883e+00
1.240912437438964844e+00
1.221725702285766602e+00
1.243956089019775391e+00
1.217259168624877930e+00
1.172694444656372070e+00
1.175454854965209961e+00
1.169094562530517578e+00
1.177561521530151367e+00
1.189201593399047852e+00
1.213868379592895508e+00
1.160559177398681641e+00
1.186841487884521484e+00
1.172228097915649414e+00
1.184918284416198730e+00
1.128483057022094727e+00
1.124475240707397461e+00
1.153947472572326660e+00
1.258172631263732910e+00
1.236766576766967773e+00
1.265465855598449707e+00
1.254455804824829102e+00
1.307309508323669434e+00
1.303116440773010254e+00
1.299437999725341797e+00
1.212687015533447266e+00
1.303073883056640625e+00
1.483924150466918945e+00
1.208479642868041992e+00
1.286711692810058594e+00
1.329882144927978516e+00
1.350685954093933105e+00
1.324720025062561035e+00
1.329338788986206055e+00
1.236162424087524414e+00
1.250341653823852539e+00
1.290465593338012695e+00
1.362044453620910645e+00
1.444690823554992676e+00
1.333200454711914062e+00
1.501485347747802734e+00
1.542323827743530273e+00
1.548506855964660645e+00
1.298468828201293945e+00
1.457900524139404297e+00
1.100681304931640625e+00
1.331849813461303711e+00
1.223055124282836914e+00
1.502648115158081055e+00
1.484870314598083496e+00
1.192492723464965820e+00
1.202209949493408203e+00
1.164139866828918457e+00
1.107095479965209961e+00
1.119736194610595703e+00
1.106471061706542969e+00
1.099341273307800293e+00
1.175447702407836914e+00
1.151755332946777344e+00
1.139826774597167969e+00
1.159237504005432129e+00
1.185522437095642090e+00
1.183625340461730957e+00
1.164904356002807617e+00
1.142137169837951660e+00
1.147896528244018555e+00
1.153957843780517578e+00
1.055092096328735352e+00
1.076761841773986816e+00
1.125686883926391602e+00
1.015242457389831543e+00
1.151797175407409668e+00
1.192701220512390137e+00
1.228487849235534668e+00
1.224179983139038086e+00
1.239331841468811035e+00
1.215433597564697266e+00
1.239224672317504883e+00
1.243455529212951660e+00
1.220728635787963867e+00
1.198512315750122070e+00
1.212331771850585938e+00
1.179811596870422363e+00
1.175878047943115234e+00
1.179817199707031250e+00
1.121890664100646973e+00
1.126257181167602539e+00
1.070046067237854004e+00
1.049338817596435547e+00
1.051054000854492188e+00
1.065528392791748047e+00
1.047355890274047852e+00
1.123416781425476074e+00
1.141311168670654297e+00
1.150087833404541016e+00
1.097777128219604492e+00
1.103341579437255859e+00
1.078314542770385742e+00
1.130740165710449219e+00
1.142362236976623535e+00
1.123585343360900879e+00
1.128162741661071777e+00
1.120439767837524414e+00
1.049454689025878906e+00
1.080753326416015625e+00
1.152226686477661133e+00
1.080116033554077148e+00
1.077603340148925781e+00
1.064244270324707031e+00
1.119501471519470215e+00
1.148676514625549316e+00
1.149530887603759766e+00
1.289694070816040039e+00
1.211497187614440918e+00
1.216850280761718750e+00
1.309459090232849121e+00
1.233893275260925293e+00
1.152890682220458984e+00
1.161971688270568848e+00
1.167714357376098633e+00
1.169156908988952637e+00
1.183701395988464355e+00
1.214311361312866211e+00
1.188426256179809570e+00
1.190087080001831055e+00
1.259644389152526855e+00
1.262914299964904785e+00
1.167145848274230957e+00
1.374037742614746094e+00
1.345915079116821289e+00
1.338763713836669922e+00
1.330836892127990723e+00
1.303062200546264648e+00
1.117537975311279297e+00
1.201148509979248047e+00
1.259873390197753906e+00
1.325673222541809082e+00
1.301867246627807617e+00
1.199991464614868164e+00
1.207915782928466797e+00
1.188450694084167480e+00
1.182111978530883789e+00
1.200836658477783203e+00
1.196083188056945801e+00
1.212199091911315918e+00
1.254412651062011719e+00
1.232665657997131348e+00
1.219628572463989258e+00
1.196376800537109375e+00
1.336852788925170898e+00
1.281817913055419922e+00
1.341213345527648926e+00
1.306086301803588867e+00
1.265439629554748535e+00
1.261441826820373535e+00
1.171524524688720703e+00
1.211487293243408203e+00
1.233099341392517090e+00
1.215557336807250977e+00
1.219142675399780273e+00
1.227516055107116699e+00
1.189032077789306641e+00
1.148196697235107422e+00
1.178993940353393555e+00
1.204680085182189941e+00
1.219499349594116211e+00
1.247013926506042480e+00
1.275432944297790527e+00
1.252403974533081055e+00
1.297731280326843262e+00
1.269221782684326172e+00
1.271205186843872070e+00
1.243508696556091309e+00
1.236612081527709961e+00
1.245719194412231445e+00
1.243490695953369141e+00
1.220896244049072266e+00
1.244386911392211914e+00
1.229221105575561523e+00
1.220462799072265625e+00
1.273626089096069336e+00
1.244333028793334961e+00
1.255038738250732422e+00
1.252707362174987793e+00
1.306649923324584961e+00
1.255770206451416016e+00
1.254125118255615234e+00
1.252694964408874512e+00
1.264708638191223145e+00
1.219745159149169922e+00
1.270200967788696289e+00
1.263697624206542969e+00
1.279134392738342285e+00
1.247616767883300781e+00
1.263327479362487793e+00
1.269398927688598633e+00
1.129067063331604004e+00
1.230210065841674805e+00
1.156020879745483398e+00
1.139491438865661621e+00
1.153128862380981445e+00
1.153616666793823242e+00
1.168932676315307617e+00
1.173833847045898438e+00
1.259176969528198242e+00
1.174398660659790039e+00
1.178017258644104004e+00
1.195336580276489258e+00
1.164330005645751953e+00
1.186771631240844727e+00
1.167919993400573730e+00
1.184574365615844727e+00
1.162464022636413574e+00
1.186420917510986328e+00
1.208146810531616211e+00
1.170459508895874023e+00
1.090821623802185059e+00
1.104975819587707520e+00
1.113198280334472656e+00
1.162608385086059570e+00
1.118721485137939453e+00
1.193840026855468750e+00
1.215069532394409180e+00
1.259825944900512695e+00
1.328286170959472656e+00
1.304671525955200195e+00
1.310569524765014648e+00
1.277059078216552734e+00
1.254491209983825684e+00
1.270136952400207520e+00
1.277096152305603027e+00
1.157858371734619141e+00
1.126363039016723633e+00
1.154072284698486328e+00
1.118815660476684570e+00
1.218003034591674805e+00
1.230105400085449219e+00
1.301591873168945312e+00
1.307706356048583984e+00
1.293756723403930664e+00
1.303182959556579590e+00
1.284046530723571777e+00
1.301438808441162109e+00
1.347017884254455566e+00
1.354811310768127441e+00
1.307688474655151367e+00
1.122705936431884766e+00
1.135400176048278809e+00
1.164127230644226074e+00
1.173394918441772461e+00
1.153637170791625977e+00
1.136150479316711426e+00
1.137832880020141602e+00
1.160629630088806152e+00
1.227939724922180176e+00
1.417134881019592285e+00
1.092340230941772461e+00
1.107554912567138672e+00
1.146713018417358398e+00
1.258289813995361328e+00
1.264350533485412598e+00
1.150821924209594727e+00
1.104253292083740234e+00
1.152940511703491211e+00
1.164768934249877930e+00
1.149967193603515625e+00
1.200409531593322754e+00
1.207549095153808594e+00
1.149216294288635254e+00
1.177773475646972656e+00
1.199085950851440430e+00
1.177291631698608398e+00
1.208625197410583496e+00
1.192310571670532227e+00
1.251758813858032227e+00
1.422933101654052734e+00
1.087489485740661621e+00
1.199046015739440918e+00
1.204000353813171387e+00
1.381624221801757812e+00
1.128699660301208496e+00
1.149579286575317383e+00
1.217305421829223633e+00
1.184048414230346680e+00
1.184360980987548828e+00
1.209536790847778320e+00
1.172371983528137207e+00
1.395928859710693359e+00
1.523020267486572266e+00
1.176785826683044434e+00
1.272250890731811523e+00
1.316539525985717773e+00
1.651463389396667480e+00
1.209332227706909180e+00
1.199696302413940430e+00
1.389788627624511719e+00
1.432416319847106934e+00
1.161219239234924316e+00
1.264407038688659668e+00
1.546423196792602539e+00
1.184082150459289551e+00
1.396648645401000977e+00
1.591751098632812500e+00
1.260553598403930664e+00
1.122740507125854492e+00
1.047720432281494141e+00
1.107230424880981445e+00
1.119202494621276855e+00
1.126754283905029297e+00
1.104221224784851074e+00
1.103965520858764648e+00
1.122915029525756836e+00
1.059112310409545898e+00
1.125026106834411621e+00
1.113406538963317871e+00
1.180511951446533203e+00
1.133712291717529297e+00
1.152929067611694336e+00
1.115002870559692383e+00
1.113343954086303711e+00
1.093405842781066895e+00
1.119024515151977539e+00
1.116806030273437500e+00
1.102372407913208008e+00
1.143847227096557617e+00
1.143349528312683105e+00
1.114032387733459473e+00
1.234587907791137695e+00
1.103371262550354004e+00
1.237693071365356445e+00
1.244134426116943359e+00
1.329020023345947266e+00
1.362241864204406738e+00
1.201896905899047852e+00
1.172715783119201660e+00
1.616973161697387695e+00
1.194355487823486328e+00
1.572843790054321289e+00
1.123949646949768066e+00
1.554805994033813477e+00
1.188411712646484375e+00
1.167834758758544922e+00
1.543045401573181152e+00
1.086786627769470215e+00
1.127126336097717285e+00
1.158595919609069824e+00
1.165992856025695801e+00
1.498027920722961426e+00
1.096815824508666992e+00
1.145302057266235352e+00
1.096293210983276367e+00
1.579749941825866699e+00
1.140789508819580078e+00
1.124960541725158691e+00
1.152851939201354980e+00
1.129395961761474609e+00
1.122312307357788086e+00
9.711347222328186035e-01
1.602416634559631348e+00
1.437700033187866211e+00
1.568519949913024902e+00
1.579473376274108887e+00
1.498243451118469238e+00
1.386847615242004395e+00
1.453491091728210449e+00
1.370855093002319336e+00
1.447578907012939453e+00
1.377346396446228027e+00
1.418486356735229492e+00
1.299787878990173340e+00
1.310536026954650879e+00
1.493984341621398926e+00
1.119468688964843750e+00
1.169756650924682617e+00
1.660660505294799805e+00
1.082049250602722168e+00
1.137388348579406738e+00
1.147508382797241211e+00
1.255256772041320801e+00
1.524001479148864746e+00
1.110651850700378418e+00
1.115493416786193848e+00
1.176290750503540039e+00
1.171106219291687012e+00
1.203351974487304688e+00
1.206441164016723633e+00
1.216416120529174805e+00
1.160440564155578613e+00
1.189167499542236328e+00
1.181500196456909180e+00
1.193542242050170898e+00
1.160832524299621582e+00
1.150071740150451660e+00
1.132611274719238281e+00
1.115395545959472656e+00
1.170346975326538086e+00
1.170064806938171387e+00
1.167398571968078613e+00
1.154457569122314453e+00
1.184202671051025391e+00
1.162231087684631348e+00
1.201527476310729980e+00
1.180460095405578613e+00
1.193748712539672852e+00
1.183914184570312500e+00
1.147778511047363281e+00
1.164650201797485352e+00
1.139174103736877441e+00
1.160145044326782227e+00
1.159776926040649414e+00
1.158415436744689941e+00
1.141070365905761719e+00
1.175218939781188965e+00
1.182098269462585449e+00
1.164198517799377441e+00
1.151531577110290527e+00
1.168089866638183594e+00
1.164915561676025391e+00
1.179811835289001465e+00
1.174840450286865234e+00
1.209900498390197754e+00
1.171499729156494141e+00
1.130857586860656738e+00
1.162848234176635742e+00
1.161350488662719727e+00
1.154098987579345703e+00
1.146975874900817871e+00
1.168386459350585938e+00
1.158407568931579590e+00
1.166188597679138184e+00
1.132821679115295410e+00
1.158380508422851562e+00
1.147341847419738770e+00
1.162557125091552734e+00
1.172558784484863281e+00
1.190946221351623535e+00
1.182472586631774902e+00
1.153633713722229004e+00
1.193805932998657227e+00
1.148645520210266113e+00
1.170763611793518066e+00
1.197362780570983887e+00
1.191618919372558594e+00
1.181182265281677246e+00
1.164206504821777344e+00
1.179002761840820312e+00
1.169898271560668945e+00
1.149698257446289062e+00
1.121429800987243652e+00
1.168950915336608887e+00
1.134755015373229980e+00
1.141037464141845703e+00
1.264659523963928223e+00
1.250430107116699219e+00
1.312236070632934570e+00
1.534080624580383301e+00
1.216210007667541504e+00
1.310715317726135254e+00
8.893982172012329102e-01
1.166674137115478516e+00
7.127508521080017090e-01
1.387484431266784668e+00
3.546319305896759033e-01
1.137473821640014648e+00
1.225977182388305664e+00
1.512768149375915527e+00
1.430891752243041992e+00
1.417689561843872070e+00
1.466997623443603516e+00
1.294179439544677734e+00
1.559168100357055664e+00
1.606428146362304688e+00
1.495493769645690918e+00
1.408209800720214844e+00
8.206613063812255859e-01
1.384467959403991699e+00
1.188019990921020508e+00
1.397597312927246094e+00
1.146425962448120117e+00
1.095490574836730957e+00
1.300849914550781250e+00
1.369174599647521973e+00
1.327382802963256836e+00
1.316149592399597168e+00
1.247894167900085449e+00
1.165023803710937500e+00
1.146893978118896484e+00
1.216675996780395508e+00
1.191565394401550293e+00
1.238566994667053223e+00
1.172438383102416992e+00
1.084078073501586914e+00
1.176300048828125000e+00
1.227447390556335449e+00
1.150228977203369141e+00
1.248022317886352539e+00
1.167995691299438477e+00
1.063264369964599609e+00
1.158580899238586426e+00
1.096428871154785156e+00
1.131516456604003906e+00
1.132188320159912109e+00
1.096820354461669922e+00
1.120254516601562500e+00
1.139202475547790527e+00
1.163642525672912598e+00
1.173106312751770020e+00
1.023347854614257812e+00
1.016252279281616211e+00
1.097840309143066406e+00
1.094347596168518066e+00
1.148383617401123047e+00
1.067312955856323242e+00
1.173645496368408203e+00
1.184332609176635742e+00
1.051807880401611328e+00
1.053767681121826172e+00
1.088106870651245117e+00
1.075730323791503906e+00
1.086444139480590820e+00
1.083771824836730957e+00
1.117169737815856934e+00
1.132300615310668945e+00
1.109266638755798340e+00
1.145522117614746094e+00
1.172738194465637207e+00
1.146226644515991211e+00
1.178891897201538086e+00
1.132897615432739258e+00
1.139184951782226562e+00
1.154193758964538574e+00
1.042145371437072754e+00
1.037449121475219727e+00
1.036543607711791992e+00
1.057494401931762695e+00
1.101668477058410645e+00
1.106378436088562012e+00
1.101507902145385742e+00
1.107703685760498047e+00
1.109170079231262207e+00
1.100360393524169922e+00
1.139259338378906250e+00
1.096657276153564453e+00
1.145091772079467773e+00
1.168620109558105469e+00
1.205257892608642578e+00
1.141818761825561523e+00
1.165147304534912109e+00
1.148414373397827148e+00
1.164509892463684082e+00
1.171799659729003906e+00
1.150338172912597656e+00
1.165320158004760742e+00
1.203753232955932617e+00
1.166770458221435547e+00
1.174102544784545898e+00
1.220977902412414551e+00
1.218831658363342285e+00
1.149221181869506836e+00
1.223451614379882812e+00
1.245795726776123047e+00
1.308051347732543945e+00
1.239384412765502930e+00
1.308330178260803223e+00
1.288165926933288574e+00
1.166813731193542480e+00
1.185742497444152832e+00
1.189227700233459473e+00
1.144024610519409180e+00
1.119525671005249023e+00
1.121380686759948730e+00
1.143124818801879883e+00
1.165604114532470703e+00
1.167269945144653320e+00
1.147045373916625977e+00
1.101074934005737305e+00
1.176604270935058594e+00
1.166833639144897461e+00
1.181686878204345703e+00
1.224594712257385254e+00
1.226023197174072266e+00
1.153531551361083984e+00
1.079392790794372559e+00
1.194283366203308105e+00
1.174650073051452637e+00
1.218908548355102539e+00
1.151841521263122559e+00
1.157747030258178711e+00
1.200627684593200684e+00
1.142080307006835938e+00
1.133971095085144043e+00
1.178919792175292969e+00
1.145244956016540527e+00
1.180075764656066895e+00
1.158877968788146973e+00
1.087864995002746582e+00
1.071870326995849609e+00
1.071545362472534180e+00
1.029940366744995117e+00
1.060143828392028809e+00
1.057417869567871094e+00
1.085302710533142090e+00
1.015584230422973633e+00
1.060475826263427734e+00
1.063168525695800781e+00
1.074037790298461914e+00
1.146266341209411621e+00
1.153811573982238770e+00
1.188471198081970215e+00
1.171630382537841797e+00
1.168005466461181641e+00
1.134021282196044922e+00
1.126433134078979492e+00
1.131230711936950684e+00
1.095624566078186035e+00
1.096323370933532715e+00
1.158303260803222656e+00
1.154892683029174805e+00
1.163493871688842773e+00
1.179367065429687500e+00
1.218841671943664551e+00
1.154225826263427734e+00
1.161995887756347656e+00
1.178437948226928711e+00
1.163640260696411133e+00
1.193734407424926758e+00
1.229249954223632812e+00
1.190676569938659668e+00
1.204762578010559082e+00
1.163359045982360840e+00
1.145647525787353516e+00
1.135683894157409668e+00
1.125623106956481934e+00
1.084497809410095215e+00
1.083573341369628906e+00
1.163490653038024902e+00
1.168122053146362305e+00
1.169778227806091309e+00
1.144100546836853027e+00
1.152878046035766602e+00
1.160948038101196289e+00
1.156262993812561035e+00
1.166241645812988281e+00
1.140388250350952148e+00
1.140069961547851562e+00
1.209305405616760254e+00
1.170560479164123535e+00
1.105720400810241699e+00
1.140971422195434570e+00
1.121482133865356445e+00
1.130029320716857910e+00
1.114320158958435059e+00
1.156811952590942383e+00
1.184378743171691895e+00
1.222397565841674805e+00
1.197708129882812500e+00
1.169454813003540039e+00
1.124301552772521973e+00
1.135954976081848145e+00
1.125797748565673828e+00
1.169750928878784180e+00
1.132351517677307129e+00
1.173959136009216309e+00
1.166384220123291016e+00
1.096940875053405762e+00
1.155683875083923340e+00
1.143164396286010742e+00
1.172549724578857422e+00
1.178786277770996094e+00
1.146684050559997559e+00
1.163790702819824219e+00
1.149868965148925781e+00
1.170866489410400391e+00
1.164731383323669434e+00
1.165404081344604492e+00
1.177509903907775879e+00
1.160001993179321289e+00
1.154864430427551270e+00
1.134581804275512695e+00
1.119559764862060547e+00
1.128663778305053711e+00
1.143727779388427734e+00
1.107125639915466309e+00
1.173756599426269531e+00
1.191870450973510742e+00
1.213073015213012695e+00
1.141326665878295898e+00
1.073309898376464844e+00
1.087974786758422852e+00
1.122228145599365234e+00
1.130012631416320801e+00
1.085698604583740234e+00
1.082793354988098145e+00
1.092778205871582031e+00
1.146100640296936035e+00
1.120561242103576660e+00
1.157665729522705078e+00
1.202518701553344727e+00
1.168166637420654297e+00
1.202664852142333984e+00
1.158883094787597656e+00
1.146703004837036133e+00
1.145682215690612793e+00
1.150980949401855469e+00
1.199394702911376953e+00
1.172108411788940430e+00
1.258714318275451660e+00
1.305809736251831055e+00
1.249742031097412109e+00
1.276943087577819824e+00
1.292088270187377930e+00
1.199539303779602051e+00
1.186350107192993164e+00
1.314849376678466797e+00
1.268744707107543945e+00
1.293758273124694824e+00
1.377630233764648438e+00
1.334440469741821289e+00
1.384978175163269043e+00
1.206634998321533203e+00
1.274857044219970703e+00
1.162541389465332031e+00
1.192835688591003418e+00
1.104910135269165039e+00
1.204135417938232422e+00
1.217919588088989258e+00
1.147224426269531250e+00
1.126742005348205566e+00
1.156223058700561523e+00
1.115257024765014648e+00
1.188685178756713867e+00
1.160261988639831543e+00
1.155453324317932129e+00
1.129702806472778320e+00
1.132231950759887695e+00
1.167984247207641602e+00
1.194113254547119141e+00
1.171255350112915039e+00
1.149195671081542969e+00
1.222011923789978027e+00
1.207968711853027344e+00
1.172026157379150391e+00
1.153089523315429688e+00
1.159244537353515625e+00
1.126832246780395508e+00
1.132783412933349609e+00
1.109053492546081543e+00
1.164381265640258789e+00
1.181509613990783691e+00
1.147967815399169922e+00
1.160483360290527344e+00
1.057012796401977539e+00
1.122493147850036621e+00
1.119456291198730469e+00
1.102699995040893555e+00
1.123829722404479980e+00
1.155893802642822266e+00
1.201760292053222656e+00
1.172120332717895508e+00
1.193325519561767578e+00
1.192225933074951172e+00
1.146339416503906250e+00
1.170383334159851074e+00
1.168409347534179688e+00
1.193573117256164551e+00
1.162404417991638184e+00
1.097780942916870117e+00
1.097492456436157227e+00
1.123700737953186035e+00
1.105764508247375488e+00
1.129964828491210938e+00
1.191135525703430176e+00
1.144299268722534180e+00
1.102869987487792969e+00
1.130869507789611816e+00
1.093331336975097656e+00
1.131920576095581055e+00
1.145930409431457520e+00
1.131912469863891602e+00
1.189808130264282227e+00
1.158440113067626953e+00
1.171955108642578125e+00
1.207801580429077148e+00
1.180137634277343750e+00
1.213643193244934082e+00
1.164535880088806152e+00
1.170654892921447754e+00
1.188026666641235352e+00
1.169482231140136719e+00
1.163213014602661133e+00
1.202063441276550293e+00
1.147190570831298828e+00
1.189153432846069336e+00
1.164942741394042969e+00
1.158699393272399902e+00
1.191337585449218750e+00
1.221447110176086426e+00
1.200823426246643066e+00
1.184810996055603027e+00
1.235712289810180664e+00
1.171893477439880371e+00
1.178084135055541992e+00
1.163415670394897461e+00
1.131573438644409180e+00
1.192096710205078125e+00
1.208277702331542969e+00
1.137760162353515625e+00
1.172726511955261230e+00
1.135564923286437988e+00
1.153476476669311523e+00
1.112249135971069336e+00
1.142586588859558105e+00
1.145507812500000000e+00
1.107056975364685059e+00
1.124344110488891602e+00
1.115807056427001953e+00
1.127863049507141113e+00
1.179463148117065430e+00
1.178210139274597168e+00
1.159267902374267578e+00
1.150928258895874023e+00
1.146810173988342285e+00
1.139001727104187012e+00
1.168447256088256836e+00
1.158662080764770508e+00
1.143710017204284668e+00
1.161424398422241211e+00
1.181159973144531250e+00
1.155935168266296387e+00
1.142427802085876465e+00
1.134229183197021484e+00
1.139269828796386719e+00
1.171984791755676270e+00
1.160936236381530762e+00
1.156839132308959961e+00
1.210441589355468750e+00
1.230515480041503906e+00
1.279283165931701660e+00
1.304761767387390137e+00
1.296913146972656250e+00
1.284961938858032227e+00
1.138467550277709961e+00
1.163544058799743652e+00
1.204552412033081055e+00
1.221641063690185547e+00
1.145375728607177734e+00
1.083880782127380371e+00
1.012704372406005859e+00
1.116933345794677734e+00
1.218368649482727051e+00
1.284976243972778320e+00
1.217080354690551758e+00
1.231786012649536133e+00
1.282207369804382324e+00
1.177458882331848145e+00
1.164064168930053711e+00
1.198110580444335938e+00
1.095964193344116211e+00
1.103713035583496094e+00
1.175217628479003906e+00
1.227214813232421875e+00
1.078816890716552734e+00
1.110682964324951172e+00
1.206895709037780762e+00
1.201178312301635742e+00
1.211608529090881348e+00
1.172683238983154297e+00
1.164243698120117188e+00
1.151250362396240234e+00
1.168286323547363281e+00
1.160739183425903320e+00
1.165764212608337402e+00
1.179853916168212891e+00
1.186024069786071777e+00
1.180184841156005859e+00
1.201627492904663086e+00
1.182728767395019531e+00
1.160841941833496094e+00
1.186439514160156250e+00
1.196295619010925293e+00
1.189136028289794922e+00
1.185129165649414062e+00
1.194121956825256348e+00
1.208875179290771484e+00
1.197208404541015625e+00
1.160679817199707031e+00
1.137522697448730469e+00
1.160753250122070312e+00
1.170812487602233887e+00
1.184338331222534180e+00
1.194027662277221680e+00
1.189582347869873047e+00
1.211018681526184082e+00
1.181880950927734375e+00
1.184674501419067383e+00
1.184479713439941406e+00
1.191253304481506348e+00
1.176908731460571289e+00
1.161180734634399414e+00
1.169843435287475586e+00
1.139786005020141602e+00
1.192100882530212402e+00
1.142271637916564941e+00
1.105538725852966309e+00
1.101488590240478516e+00
1.176471948623657227e+00
1.200669050216674805e+00
1.250156044960021973e+00
1.143336415290832520e+00
1.175236105918884277e+00
1.123106718063354492e+00
1.167253255844116211e+00
1.164112567901611328e+00
1.154243826866149902e+00
1.152833223342895508e+00
1.163782954216003418e+00
1.123593568801879883e+00
1.135749578475952148e+00
1.113803386688232422e+00
1.104052901268005371e+00
1.087770104408264160e+00
1.163616657257080078e+00
1.147834777832031250e+00
1.133900403976440430e+00
1.125099658966064453e+00
1.092429280281066895e+00
1.155940890312194824e+00
1.101268529891967773e+00
1.170944809913635254e+00
1.188284873962402344e+00
1.129175662994384766e+00
1.167982101440429688e+00
1.144928932189941406e+00
1.247115850448608398e+00
1.215428829193115234e+00
1.252055525779724121e+00
1.261939883232116699e+00
1.245635986328125000e+00
1.255033016204833984e+00
1.234122753143310547e+00
1.236228823661804199e+00
1.202592372894287109e+00
1.225445747375488281e+00
1.201036691665649414e+00
1.256068348884582520e+00
1.206314563751220703e+00
1.231143951416015625e+00
1.253038287162780762e+00
1.243926525115966797e+00
1.284677743911743164e+00
1.315287351608276367e+00
1.227181196212768555e+00
1.193553924560546875e+00
1.232405543327331543e+00
1.261308908462524414e+00
1.330663323402404785e+00
1.285409331321716309e+00
1.213246464729309082e+00
1.195948719978332520e+00
1.205572724342346191e+00
1.186221957206726074e+00
1.203114748001098633e+00
1.231880664825439453e+00
1.234864830970764160e+00
1.241480708122253418e+00
1.244436502456665039e+00
1.251254081726074219e+00
1.257478237152099609e+00
1.214435458183288574e+00
1.222896456718444824e+00
1.207436561584472656e+00
1.213714003562927246e+00
1.210428118705749512e+00
1.214348673820495605e+00
1.240783691406250000e+00
1.233980894088745117e+00
1.244413137435913086e+00
1.249661922454833984e+00
1.209266424179077148e+00
1.212087988853454590e+00
1.186033487319946289e+00
1.180551528930664062e+00
1.217292070388793945e+00
1.268026351928710938e+00
1.210556864738464355e+00
1.098396897315979004e+00
1.086536407470703125e+00
1.126942753791809082e+00
1.198545694351196289e+00
1.201936841011047363e+00
1.158605933189392090e+00
1.090310573577880859e+00
1.089014291763305664e+00
1.199179649353027344e+00
1.199142694473266602e+00
1.183977723121643066e+00
1.109778404235839844e+00
1.132150650024414062e+00
1.160573959350585938e+00
1.179713129997253418e+00
1.064544320106506348e+00
1.072078227996826172e+00
1.136142969131469727e+00
1.108140230178833008e+00
1.127413630485534668e+00
1.121213555335998535e+00
1.130795836448669434e+00
1.265192985534667969e+00
1.266719222068786621e+00
1.242697119712829590e+00
1.238141298294067383e+00
1.258702278137207031e+00
1.266240715980529785e+00
1.243507146835327148e+00
1.216114997863769531e+00
1.212715148925781250e+00
1.231284379959106445e+00
1.184323549270629883e+00
1.258432030677795410e+00
1.240065574645996094e+00
9.964427947998046875e-01
1.024847745895385742e+00
1.136567950248718262e+00
1.257771492004394531e+00
1.237105131149291992e+00
1.205618023872375488e+00
1.174742698669433594e+00
1.179022908210754395e+00
1.296521782875061035e+00
1.254540205001831055e+00
1.257970094680786133e+00
1.230099678039550781e+00
1.253067612648010254e+00
1.238208770751953125e+00
1.220708012580871582e+00
1.237773180007934570e+00
1.188026428222656250e+00
1.261231422424316406e+00
1.246417045593261719e+00
1.197667002677917480e+00
1.258207440376281738e+00
1.273836374282836914e+00
1.289485454559326172e+00
1.288956403732299805e+00
1.288721680641174316e+00
1.240112781524658203e+00
1.224529027938842773e+00
1.224779486656188965e+00
1.186536073684692383e+00
1.129437208175659180e+00
1.154926061630249023e+00
1.186586380004882812e+00
1.246921539306640625e+00
1.214604973793029785e+00
1.164522290229797363e+00
1.129202365875244141e+00
1.187899947166442871e+00
1.226906061172485352e+00
1.271822333335876465e+00
1.224482774734497070e+00
1.217837333679199219e+00
1.190507888793945312e+00
1.199392437934875488e+00
1.132391810417175293e+00
1.081486701965332031e+00
1.050016522407531738e+00
1.034865617752075195e+00
1.147838473320007324e+00
1.262555003166198730e+00
1.234097480773925781e+00
1.254657745361328125e+00
1.164540410041809082e+00
1.156719923019409180e+00
9.675260782241821289e-01
1.050694704055786133e+00
1.153002858161926270e+00
1.163944840431213379e+00
1.178772568702697754e+00
1.135825872421264648e+00
1.153753519058227539e+00
1.114272356033325195e+00
1.196985483169555664e+00
1.156122446060180664e+00
1.058435678482055664e+00
1.162758350372314453e+00
1.136546969413757324e+00
1.137223243713378906e+00
1.193094611167907715e+00
1.241719007492065430e+00
1.189158439636230469e+00
1.088541746139526367e+00
1.170984029769897461e+00
1.180952548980712891e+00
1.220045685768127441e+00
1.218844890594482422e+00
1.243842244148254395e+00
1.224799633026123047e+00
1.191192150115966797e+00
1.245227694511413574e+00
1.272527217864990234e+00
1.265874505043029785e+00
1.251963376998901367e+00
1.298248648643493652e+00
1.262030720710754395e+00
1.238201856613159180e+00
1.232184052467346191e+00
1.228345155715942383e+00
1.236844420433044434e+00
1.301292419433593750e+00
1.299494266510009766e+00
1.206477880477905273e+00
1.159590005874633789e+00
1.160146355628967285e+00
1.162978768348693848e+00
1.159554481506347656e+00
1.144131660461425781e+00
1.123003482818603516e+00
1.150965929031372070e+00
1.108218312263488770e+00
1.028211832046508789e+00
1.050541162490844727e+00
1.201899170875549316e+00
1.165624260902404785e+00
1.094833612442016602e+00
1.115147590637207031e+00
1.203508019447326660e+00
1.335673689842224121e+00
1.233689665794372559e+00
1.194694876670837402e+00
1.193441867828369141e+00
1.207156419754028320e+00
1.190706014633178711e+00
1.167455434799194336e+00
1.188318967819213867e+00
1.165223360061645508e+00
1.177882671356201172e+00
1.203890323638916016e+00
1.236762046813964844e+00
1.150556683540344238e+00
1.157266497611999512e+00
1.207388281822204590e+00
1.213431835174560547e+00
1.187976479530334473e+00
1.140323877334594727e+00
1.191787004470825195e+00
1.183426856994628906e+00
1.224205136299133301e+00
1.215884685516357422e+00
1.274817705154418945e+00
1.208656549453735352e+00
1.093319177627563477e+00
1.137447357177734375e+00
1.182724356651306152e+00
1.149517297744750977e+00
1.136170625686645508e+00
1.124764442443847656e+00
1.145071268081665039e+00
1.155697941780090332e+00
1.222312927246093750e+00
1.192871689796447754e+00
1.196726918220520020e+00
1.236717939376831055e+00
1.229067206382751465e+00
1.232179403305053711e+00
1.241276621818542480e+00
1.219719648361206055e+00
1.209989786148071289e+00
1.174838662147521973e+00
1.176271915435791016e+00
1.215024948120117188e+00
1.115408658981323242e+00
1.144949913024902344e+00
1.158943891525268555e+00
1.136314272880554199e+00
1.173018693923950195e+00
1.191754102706909180e+00
1.212077856063842773e+00
1.221688985824584961e+00
1.215376853942871094e+00
1.166714429855346680e+00
1.158382892608642578e+00
1.130775809288024902e+00
1.183764457702636719e+00
1.205665946006774902e+00
1.213751554489135742e+00
1.183568239212036133e+00
1.155024766921997070e+00
1.194716691970825195e+00
1.197235226631164551e+00
1.214301705360412598e+00
1.210206866264343262e+00
1.245990753173828125e+00
1.214907407760620117e+00
1.173987865447998047e+00
1.144420146942138672e+00
1.192452669143676758e+00
1.272612810134887695e+00
1.198022127151489258e+00
1.191533207893371582e+00
1.210409402847290039e+00
1.243068456649780273e+00
1.168232679367065430e+00
1.168709993362426758e+00
1.150655746459960938e+00
1.195870757102966309e+00
1.189603328704833984e+00
1.212545394897460938e+00
1.187035322189331055e+00
1.174079418182373047e+00
1.168861269950866699e+00
1.188621163368225098e+00
1.149484872817993164e+00
1.137795448303222656e+00
1.203530788421630859e+00
1.204716086387634277e+00
1.174774765968322754e+00
9.867802858352661133e-01
1.000795125961303711e+00
1.131518721580505371e+00
1.232799053192138672e+00
1.175871849060058594e+00
1.228416085243225098e+00
1.170917630195617676e+00
1.144145488739013672e+00
1.031407833099365234e+00
1.179951667785644531e+00
1.252767562866210938e+00
1.065977811813354492e+00
1.052816271781921387e+00
9.740282297134399414e-01
1.265719771385192871e+00
1.239695072174072266e+00
1.154406785964965820e+00
1.072559952735900879e+00
9.967932701110839844e-01
1.033565402030944824e+00
9.684890508651733398e-01
1.129566907882690430e+00
1.172090411186218262e+00
1.179327726364135742e+00
1.030673027038574219e+00
1.012127399444580078e+00
9.855812191963195801e-01
1.195041537284851074e+00
1.289384007453918457e+00
1.263560891151428223e+00
1.200628995895385742e+00
1.104300618171691895e+00
1.196687340736389160e+00
1.093089222908020020e+00
1.053695678710937500e+00
1.067564487457275391e+00
1.116849660873413086e+00
1.198021888732910156e+00
1.191850543022155762e+00
1.202365159988403320e+00
1.174515008926391602e+00
1.203378200531005859e+00
1.165146946907043457e+00
1.162841558456420898e+00
1.159258127212524414e+00
1.176304340362548828e+00
1.224538803100585938e+00
1.200774312019348145e+00
1.211445331573486328e+00
1.238259792327880859e+00
1.242805004119873047e+00
1.195988535881042480e+00
1.150753736495971680e+00
1.231273174285888672e+00
1.237212300300598145e+00
1.194197416305541992e+00
1.194813966751098633e+00
1.182106494903564453e+00
1.200976490974426270e+00
1.229167938232421875e+00
1.248968958854675293e+00
1.213778972625732422e+00
1.209678769111633301e+00
1.264578104019165039e+00
1.227738499641418457e+00
1.244593977928161621e+00
1.262169122695922852e+00
1.240860700607299805e+00
1.198238372802734375e+00
1.236079096794128418e+00
1.120379209518432617e+00
1.169120669364929199e+00
1.146113395690917969e+00
1.138629198074340820e+00
1.170945405960083008e+00
1.163426399230957031e+00
1.153734207153320312e+00
1.188939571380615234e+00
1.146525740623474121e+00
1.109205722808837891e+00
1.172861456871032715e+00
1.135666608810424805e+00
1.193439602851867676e+00
1.153997540473937988e+00
1.091603994369506836e+00
1.207591533660888672e+00
1.255453109741210938e+00
1.199684977531433105e+00
1.221297860145568848e+00
1.056249976158142090e+00
1.067531108856201172e+00
1.090971231460571289e+00
1.170832991600036621e+00
1.170998573303222656e+00
1.143458604812622070e+00
1.156520485877990723e+00
1.128141880035400391e+00
1.171814680099487305e+00
1.108312845230102539e+00
1.116073250770568848e+00
1.082115530967712402e+00
1.024206042289733887e+00
1.107651710510253906e+00
1.118632197380065918e+00
1.133190155029296875e+00
1.091481924057006836e+00
1.085124731063842773e+00
1.096623420715332031e+00
1.125114917755126953e+00
1.107879996299743652e+00
1.154051542282104492e+00
1.149197936058044434e+00
1.119545221328735352e+00
1.178155064582824707e+00
1.153373479843139648e+00
1.187234401702880859e+00
1.214797496795654297e+00
1.095757007598876953e+00
1.136278390884399414e+00
1.078807473182678223e+00
1.060027122497558594e+00
1.038968086242675781e+00
1.148689746856689453e+00
1.149198651313781738e+00
1.201459169387817383e+00
1.117800235748291016e+00
1.169099330902099609e+00
1.142744064331054688e+00
1.113236069679260254e+00
1.125342726707458496e+00
1.096531271934509277e+00
1.116547346115112305e+00
1.126872777938842773e+00
1.183633208274841309e+00
1.195322513580322266e+00
1.193099975585937500e+00
1.149143338203430176e+00
1.174714326858520508e+00
1.117061853408813477e+00
1.107953786849975586e+00
1.110864877700805664e+00
1.137152433395385742e+00
1.183628916740417480e+00
1.194807887077331543e+00
1.253452420234680176e+00
1.229837417602539062e+00
1.235433340072631836e+00
1.224969506263732910e+00
1.227400898933410645e+00
1.268148064613342285e+00
1.226698398590087891e+00
1.229271173477172852e+00
1.204708933830261230e+00
1.214147210121154785e+00
1.162050843238830566e+00
1.216257929801940918e+00
1.245046496391296387e+00
1.204718708992004395e+00
1.091760039329528809e+00
1.055229425430297852e+00
1.125731348991394043e+00
1.070065736770629883e+00
1.132959365844726562e+00
1.144471168518066406e+00
1.212568283081054688e+00
1.168176651000976562e+00
1.187369585037231445e+00
1.232669353485107422e+00
1.197366952896118164e+00
1.198112368583679199e+00
1.233602523803710938e+00
1.178428053855895996e+00
1.157859325408935547e+00
1.110165834426879883e+00
1.058065772056579590e+00
1.089053869247436523e+00
1.041966199874877930e+00
1.017034292221069336e+00
1.021123170852661133e+00
1.248449087142944336e+00
1.266380548477172852e+00
1.172362804412841797e+00
1.208926320075988770e+00
1.217830300331115723e+00
1.204887270927429199e+00
1.244586706161499023e+00
1.234599471092224121e+00
1.200377583503723145e+00
1.160030245780944824e+00
1.170584917068481445e+00
1.099423885345458984e+00
1.148881435394287109e+00
1.202342748641967773e+00
1.155157327651977539e+00
1.119663357734680176e+00
1.197274446487426758e+00
1.022896766662597656e+00
1.156594872474670410e+00
1.209048271179199219e+00
1.161954641342163086e+00
1.084355473518371582e+00
1.039638996124267578e+00
1.126980662345886230e+00
1.126391887664794922e+00
1.102341175079345703e+00
1.108916997909545898e+00
1.115675210952758789e+00
1.111455917358398438e+00
1.137923121452331543e+00
1.140359401702880859e+00
1.242304563522338867e+00
1.086308121681213379e+00
1.176591873168945312e+00
1.159856081008911133e+00
1.156544804573059082e+00
1.192552328109741211e+00
1.108957886695861816e+00
1.064215660095214844e+00
1.075574040412902832e+00
1.135410547256469727e+00
1.199905872344970703e+00
1.078224062919616699e+00
1.104761362075805664e+00
1.115814328193664551e+00
1.089434862136840820e+00
1.066354751586914062e+00
1.080388784408569336e+00
1.019066572189331055e+00
1.044729709625244141e+00
1.142227411270141602e+00
1.055652618408203125e+00
1.058814525604248047e+00
1.075479626655578613e+00
1.280010700225830078e+00
1.095938444137573242e+00
1.043426275253295898e+00
1.056241989135742188e+00
1.170804977416992188e+00
1.252129435539245605e+00
1.217276453971862793e+00
1.253629207611083984e+00
1.216971635818481445e+00
1.221356391906738281e+00
1.228226423263549805e+00
1.233691692352294922e+00
1.112610340118408203e+00
1.059904813766479492e+00
1.149363279342651367e+00
1.193879961967468262e+00
