1.103238821029663086e+00
1.278745651245117188e+00
1.355175733566284180e+00
1.396009564399719238e+00
1.388794183731079102e+00
1.380462050437927246e+00
1.382889986038208008e+00
1.381011366844177246e+00
1.303006410598754883e+00
1.347610473632812500e+00
1.002799749374389648e+00
1.172993421554565430e+00
9.773963093757629395e-01
1.223555088043212891e+00
9.286866784095764160e-01
1.311393976211547852e+00
1.306082725524902344e+00
1.177103757858276367e+00
4.859682917594909668e-01
1.119437694549560547e+00
1.134426236152648926e+00
1.115719437599182129e+00
1.254001379013061523e+00
9.874993562698364258e-01
1.029896259307861328e+00
9.574451446533203125e-01
1.323074221611022949e+00
1.306909680366516113e+00
8.202937245368957520e-01
5.317252874374389648e-01
5.047624111175537109e-01
7.477810382843017578e-01
9.854202270507812500e-01
6.651179194450378418e-01
8.837950825691223145e-01
1.043858766555786133e+00
9.545542597770690918e-01
1.342969179153442383e+00
1.445301413536071777e+00
1.254043579101562500e+00
1.250526785850524902e+00
1.264687776565551758e+00
1.302497506141662598e+00
1.198397159576416016e+00
1.082652330398559570e+00
8.845804929733276367e-01
1.178628444671630859e+00
1.146413207054138184e+00
1.287206649780273438e+00
1.366144895553588867e+00
1.329995632171630859e+00
1.352582216262817383e+00
1.252182602882385254e+00
1.268319010734558105e+00
1.190432190895080566e+00
1.400496482849121094e+00
1.371750473976135254e+00
1.209264755249023438e+00
1.123418331146240234e+00
1.204999923706054688e+00
1.272038102149963379e+00
7.994009256362915039e-01
9.192292094230651855e-01
1.098121404647827148e+00
1.273340940475463867e+00
1.317775249481201172e+00
1.078289151191711426e+00
1.254410505294799805e+00
1.182038784027099609e+00
1.190875291824340820e+00
1.231929183006286621e+00
1.221899867057800293e+00
1.178780078887939453e+00
4.105038046836853027e-01
5.520542860031127930e-01
6.272041797637939453e-01
9.351346492767333984e-01
1.122623801231384277e+00
6.078603267669677734e-01
9.031683206558227539e-01
4.099001288414001465e-01
7.257806062698364258e-01
8.688347935676574707e-01
7.621917724609375000e-01
8.342141509056091309e-01
9.340512156486511230e-01
7.268319725990295410e-01
1.314537763595581055e+00
6.718150377273559570e-01
1.163607120513916016e+00
8.525781631469726562e-01
1.176112532615661621e+00
1.145292043685913086e+00
1.206806659698486328e+00
1.354730606079101562e+00
1.366024732589721680e+00
1.310746669769287109e+00
1.314799308776855469e+00
1.286412835121154785e+00
1.315475106239318848e+00
1.334668278694152832e+00
1.295520663261413574e+00
1.178391218185424805e+00
1.171610832214355469e+00
1.143430113792419434e+00
9.487647414207458496e-01
4.293273091316223145e-01
3.683788776397705078e-01
4.216827452182769775e-01
9.385451674461364746e-01
1.066204667091369629e+00
1.209044575691223145e+00
1.165868043899536133e+00
1.217149734497070312e+00
1.144276380538940430e+00
1.107794165611267090e+00
5.116913914680480957e-01
4.553365707397460938e-01
7.063960433006286621e-01
4.369711279869079590e-01
9.130096435546875000e-01
1.116799592971801758e+00
1.245470762252807617e+00
1.051853179931640625e+00
1.376325368881225586e+00
1.383206367492675781e+00
1.264801025390625000e+00
1.378734350204467773e+00
1.371986985206604004e+00
1.360126018524169922e+00
1.361004471778869629e+00
1.070299863815307617e+00
1.357892751693725586e+00
1.177119374275207520e+00
1.144943952560424805e+00
1.330843448638916016e+00
1.156045556068420410e+00
1.141792416572570801e+00
1.146054983139038086e+00
1.249409914016723633e+00
1.333440303802490234e+00
1.302914738655090332e+00
1.226831674575805664e+00
1.186318516731262207e+00
1.194299101829528809e+00
1.268411993980407715e+00
1.386020183563232422e+00
1.119174838066101074e+00
1.291195631027221680e+00
1.039064884185791016e+00
9.983538389205932617e-01
1.112950801849365234e+00
1.259894132614135742e+00
1.331729292869567871e+00
1.342674493789672852e+00
1.166914701461791992e+00
1.069839954376220703e+00
1.288718700408935547e+00
1.149728536605834961e+00
1.158711910247802734e+00
1.098834037780761719e+00
1.360800385475158691e+00
1.278246760368347168e+00
1.217247486114501953e+00
1.186160802841186523e+00
1.286519765853881836e+00
1.351331353187561035e+00
1.337798714637756348e+00
1.163568019866943359e+00
1.213360667228698730e+00
3.973219990730285645e-01
5.111510157585144043e-01
9.529607295989990234e-01
9.508138895034790039e-01
6.115541458129882812e-01
5.272533893585205078e-01
5.759466290473937988e-01
7.870922088623046875e-01
7.779902815818786621e-01
6.060053110122680664e-01
8.000992536544799805e-01
5.101073384284973145e-01
3.246963322162628174e-01
5.224950909614562988e-01
3.878118693828582764e-01
8.698075413703918457e-01
1.070119857788085938e+00
1.138164043426513672e+00
1.256611227989196777e+00
1.158028364181518555e+00
1.046007871627807617e+00
1.191866040229797363e+00
1.010861396789550781e+00
1.170023918151855469e+00
1.143290519714355469e+00
9.986665248870849609e-01
7.851174473762512207e-01
6.487392187118530273e-01
4.419567286968231201e-01
4.323468506336212158e-01
4.650427103042602539e-01
5.764116048812866211e-01
8.484162092208862305e-01
1.114002227783203125e+00
1.157995223999023438e+00
1.149441480636596680e+00
8.176699280738830566e-01
5.155069231986999512e-01
5.077003836631774902e-01
7.489787340164184570e-01
7.291271090507507324e-01
1.142798304557800293e+00
1.285916566848754883e+00
1.327188730239868164e+00
1.278855800628662109e+00
1.199388504028320312e+00
1.156689047813415527e+00
1.178362727165222168e+00
1.288573741912841797e+00
1.180197954177856445e+00
1.249842882156372070e+00
1.243334770202636719e+00
1.343779325485229492e+00
1.162193298339843750e+00
1.267369985580444336e+00
1.327326178550720215e+00
1.315939307212829590e+00
1.250099301338195801e+00
1.288967847824096680e+00
1.136623740196228027e+00
1.397483110427856445e+00
1.056018233299255371e+00
1.047697782516479492e+00
1.264499187469482422e+00
1.205920100212097168e+00
1.338993191719055176e+00
1.045064687728881836e+00
1.164573550224304199e+00
9.743906855583190918e-01
1.098455667495727539e+00
9.243770241737365723e-01
1.362242102622985840e+00
1.317023277282714844e+00
1.015330553054809570e+00
1.038315534591674805e+00
1.001626968383789062e+00
1.102782845497131348e+00
1.240665793418884277e+00
1.097228288650512695e+00
1.164989113807678223e+00
1.173591732978820801e+00
1.135037660598754883e+00
1.159735798835754395e+00
1.171312212944030762e+00
1.188991427421569824e+00
1.215723991394042969e+00
1.156284093856811523e+00
1.057644486427307129e+00
1.021023988723754883e+00
1.147351145744323730e+00
1.088658452033996582e+00
1.139513969421386719e+00
1.178283333778381348e+00
1.064622163772583008e+00
1.179370999336242676e+00
1.091281652450561523e+00
1.246877193450927734e+00
1.216098189353942871e+00
1.177291870117187500e+00
1.098155021667480469e+00
1.238884329795837402e+00
1.289382338523864746e+00
1.198610186576843262e+00
1.152734041213989258e+00
9.305481910705566406e-01
1.187859416007995605e+00
1.052646994590759277e+00
1.154431343078613281e+00
1.133605480194091797e+00
9.402738213539123535e-01
1.172461748123168945e+00
1.245283007621765137e+00
1.072254419326782227e+00
1.176804661750793457e+00
1.100524067878723145e+00
9.931318759918212891e-01
1.234492540359497070e+00
1.202449321746826172e+00
1.354670524597167969e+00
1.126347780227661133e+00
1.166883349418640137e+00
9.316127300262451172e-01
1.306406855583190918e+00
1.228958249092102051e+00
1.226410865783691406e+00
1.186320066452026367e+00
1.050206780433654785e+00
1.002080321311950684e+00
1.031651496887207031e+00
1.074858307838439941e+00
1.108917593955993652e+00
1.047462940216064453e+00
9.690359830856323242e-01
1.001844286918640137e+00
1.046254396438598633e+00
1.147868633270263672e+00
1.175034642219543457e+00
1.394687533378601074e+00
8.776139616966247559e-01
1.074849367141723633e+00
1.179589271545410156e+00
1.113238811492919922e+00
1.209096908569335938e+00
1.037253618240356445e+00
1.137364149093627930e+00
9.653910398483276367e-01
1.104818344116210938e+00
1.194192409515380859e+00
1.105350613594055176e+00
1.198210239410400391e+00
1.195147395133972168e+00
1.195787191390991211e+00
1.236421823501586914e+00
1.153780937194824219e+00
1.151142120361328125e+00
1.109788894653320312e+00
1.139057874679565430e+00
1.023880958557128906e+00
1.086627125740051270e+00
1.152681350708007812e+00
1.085394501686096191e+00
1.156301975250244141e+00
1.148589253425598145e+00
1.067524909973144531e+00
1.084831476211547852e+00
1.227937698364257812e+00
1.184690475463867188e+00
1.163397908210754395e+00
1.096594095230102539e+00
1.077093601226806641e+00
1.107691287994384766e+00
9.865046739578247070e-01
1.166298389434814453e+00
1.128277063369750977e+00
1.045152425765991211e+00
1.154769182205200195e+00
1.146931409835815430e+00
1.105422019958496094e+00
1.095815777778625488e+00
1.108867406845092773e+00
1.066051602363586426e+00
1.081070899963378906e+00
1.046165227890014648e+00
1.116762161254882812e+00
1.038543581962585449e+00
1.026719808578491211e+00
1.090208172798156738e+00
9.607094526290893555e-01
1.109440445899963379e+00
9.754327535629272461e-01
1.123944640159606934e+00
1.113520979881286621e+00
1.083189249038696289e+00
1.068474411964416504e+00
1.117875456809997559e+00
1.110879182815551758e+00
1.024488449096679688e+00
1.061327219009399414e+00
1.031881690025329590e+00
1.071163296699523926e+00
1.055516481399536133e+00
1.036354064941406250e+00
1.036580562591552734e+00
1.084299445152282715e+00
1.110588550567626953e+00
1.042876005172729492e+00
1.011503696441650391e+00
9.918028116226196289e-01
1.083205461502075195e+00
1.087162017822265625e+00
1.094374775886535645e+00
1.073492050170898438e+00
1.140876293182373047e+00
1.111590147018432617e+00
1.098415374755859375e+00
1.117724418640136719e+00
1.113416433334350586e+00
1.102611303329467773e+00
1.111545562744140625e+00
1.128932118415832520e+00
1.089463949203491211e+00
1.043231248855590820e+00
1.191342115402221680e+00
1.165911674499511719e+00
1.029753565788269043e+00
1.041078567504882812e+00
1.002210259437561035e+00
1.081328392028808594e+00
1.113878726959228516e+00
1.025181770324707031e+00
1.090209007263183594e+00
1.185720205307006836e+00
1.139060497283935547e+00
1.159271359443664551e+00
1.113022923469543457e+00
1.121032476425170898e+00
1.136525750160217285e+00
1.132165193557739258e+00
1.118172883987426758e+00
1.065176248550415039e+00
1.110565423965454102e+00
1.088599920272827148e+00
1.062829017639160156e+00
1.094088196754455566e+00
1.077678322792053223e+00
1.120457768440246582e+00
1.099002242088317871e+00
1.079872369766235352e+00
1.120261430740356445e+00
1.048903703689575195e+00
1.082191824913024902e+00
1.061356544494628906e+00
1.038336038589477539e+00
1.122440338134765625e+00
1.053526163101196289e+00
1.103233456611633301e+00
1.087621927261352539e+00
1.084792256355285645e+00
1.031419634819030762e+00
1.068856477737426758e+00
1.065988183021545410e+00
1.166301131248474121e+00
1.110723018646240234e+00
1.050195932388305664e+00
1.032628774642944336e+00
1.014791965484619141e+00
1.096691250801086426e+00
1.000069260597229004e+00
1.066451311111450195e+00
1.024775028228759766e+00
1.052448153495788574e+00
1.120803594589233398e+00
1.043583154678344727e+00
1.191419720649719238e+00
1.226031064987182617e+00
1.186689972877502441e+00
1.399536132812500000e+00
1.339820384979248047e+00
1.024666547775268555e+00
9.071846008300781250e-01
9.094172716140747070e-01
9.892452955245971680e-01
1.180520653724670410e+00
1.047670006752014160e+00
1.291934013366699219e+00
1.242156028747558594e+00
1.341347694396972656e+00
1.235159277915954590e+00
1.081407904624938965e+00
1.247561931610107422e+00
1.029147505760192871e+00
1.120097875595092773e+00
1.126245617866516113e+00
1.181853771209716797e+00
1.384589672088623047e+00
1.374007344245910645e+00
9.848838448524475098e-01
1.000659704208374023e+00
1.031114935874938965e+00
9.721372127532958984e-01
1.295634269714355469e+00
1.346897244453430176e+00
9.189127087593078613e-01
1.052887678146362305e+00
1.056864500045776367e+00
1.137064576148986816e+00
1.085835456848144531e+00
1.103608608245849609e+00
1.085879325866699219e+00
1.115941643714904785e+00
1.088022232055664062e+00
1.020807981491088867e+00
1.049510478973388672e+00
1.003268957138061523e+00
1.039231419563293457e+00
9.930729269981384277e-01
1.052006483078002930e+00
1.081824779510498047e+00
9.876564145088195801e-01
1.048469185829162598e+00
9.812921285629272461e-01
1.157112360000610352e+00
1.078764200210571289e+00
1.143068671226501465e+00
1.073133945465087891e+00
1.130839705467224121e+00
1.112936973571777344e+00
1.087791800498962402e+00
1.092858910560607910e+00
1.017803311347961426e+00
1.007067441940307617e+00
1.017083525657653809e+00
1.003232717514038086e+00
1.016509056091308594e+00
1.056087970733642578e+00
1.146924972534179688e+00
1.106159687042236328e+00
1.115758180618286133e+00
1.071009755134582520e+00
9.794940352439880371e-01
1.018857479095458984e+00
1.177020788192749023e+00
9.938192367553710938e-01
1.044471502304077148e+00
1.077698230743408203e+00
1.086615562438964844e+00
1.084358453750610352e+00
1.098276376724243164e+00
1.079608798027038574e+00
1.058681011199951172e+00
1.064411878585815430e+00
1.058628082275390625e+00
1.065347790718078613e+00
1.081250667572021484e+00
1.152529954910278320e+00
1.080523729324340820e+00
1.130569219589233398e+00
1.084810972213745117e+00
1.074166059494018555e+00
1.047709822654724121e+00
1.031374931335449219e+00
1.042804121971130371e+00
1.053974151611328125e+00
1.095435142517089844e+00
1.035113096237182617e+00
1.087491512298583984e+00
1.107779502868652344e+00
1.080904722213745117e+00
1.064350843429565430e+00
1.080224037170410156e+00
1.068545579910278320e+00
1.085102200508117676e+00
1.099020242691040039e+00
1.103089451789855957e+00
1.097316980361938477e+00
1.141363024711608887e+00
1.127857446670532227e+00
1.071302294731140137e+00
1.144368290901184082e+00
1.091876864433288574e+00
1.013954758644104004e+00
9.909672737121582031e-01
1.040183424949645996e+00
1.081350564956665039e+00
1.017619371414184570e+00
1.128434181213378906e+00
1.024372339248657227e+00
1.047861099243164062e+00
1.014103889465332031e+00
1.001834154129028320e+00
1.000352025032043457e+00
9.988474249839782715e-01
1.019031405448913574e+00
1.049359083175659180e+00
1.062338829040527344e+00
9.968646764755249023e-01
1.018784999847412109e+00
1.004038095474243164e+00
9.825177788734436035e-01
1.050668835639953613e+00
9.554762244224548340e-01
9.871112108230590820e-01
1.013583660125732422e+00
1.071252107620239258e+00
1.143695950508117676e+00
1.214977860450744629e+00
1.226194024085998535e+00
1.073223590850830078e+00
1.082351803779602051e+00
1.093517541885375977e+00
1.096984624862670898e+00
1.125801086425781250e+00
1.052462816238403320e+00
1.115014314651489258e+00
1.061315774917602539e+00
1.091438889503479004e+00
1.075053215026855469e+00
1.117070198059082031e+00
1.094343900680541992e+00
1.045489072799682617e+00
1.098343133926391602e+00
1.072292327880859375e+00
1.089238762855529785e+00
1.085993170738220215e+00
1.085568428039550781e+00
1.077638149261474609e+00
1.097776412963867188e+00
1.071887016296386719e+00
1.086378097534179688e+00
1.113581657409667969e+00
1.104342103004455566e+00
1.039726734161376953e+00
1.059732675552368164e+00
1.061898231506347656e+00
1.067202210426330566e+00
1.058332204818725586e+00
1.040356159210205078e+00
1.065429210662841797e+00
1.070359706878662109e+00
1.119673252105712891e+00
9.973496794700622559e-01
1.011517047882080078e+00
1.049369812011718750e+00
9.974089264869689941e-01
1.063555955886840820e+00
1.077764630317687988e+00
1.052757501602172852e+00
9.868285655975341797e-01
1.011851429939270020e+00
1.069472551345825195e+00
1.084701061248779297e+00
1.000146150588989258e+00
1.014836549758911133e+00
1.050625085830688477e+00
1.007329463958740234e+00
1.043456077575683594e+00
1.006078720092773438e+00
1.088159680366516113e+00
1.145388841629028320e+00
9.915367364883422852e-01
1.059095382690429688e+00
1.012225508689880371e+00
1.016695976257324219e+00
1.044881701469421387e+00
1.007835149765014648e+00
1.046424508094787598e+00
1.076618790626525879e+00
1.058216810226440430e+00
1.048001527786254883e+00
1.040944695472717285e+00
1.098692893981933594e+00
1.064446926116943359e+00
1.063371419906616211e+00
1.089663267135620117e+00
1.081278800964355469e+00
1.066608667373657227e+00
1.082877993583679199e+00
1.062183618545532227e+00
1.103349328041076660e+00
1.079885005950927734e+00
1.114752173423767090e+00
1.081121683120727539e+00
1.017305850982666016e+00
1.083241224288940430e+00
1.079741835594177246e+00
1.078060388565063477e+00
1.067793369293212891e+00
1.058801651000976562e+00
1.088341236114501953e+00
1.078067183494567871e+00
1.019058585166931152e+00
1.105949759483337402e+00
1.182635903358459473e+00
1.174801230430603027e+00
1.126731038093566895e+00
1.042591810226440430e+00
1.008163690567016602e+00
9.838000535964965820e-01
1.028530120849609375e+00
9.324741363525390625e-01
1.058267354965209961e+00
9.785578846931457520e-01
8.922538757324218750e-01
1.124342560768127441e+00
1.038959622383117676e+00
1.004070043563842773e+00
1.027970075607299805e+00
1.085395574569702148e+00
1.064030289649963379e+00
1.079436421394348145e+00
1.047763943672180176e+00
1.004526853561401367e+00
1.058874368667602539e+00
1.016836404800415039e+00
1.066112518310546875e+00
1.047229290008544922e+00
1.051922798156738281e+00
1.034919738769531250e+00
1.049467325210571289e+00
1.060377120971679688e+00
1.080404639244079590e+00
1.063544988632202148e+00
1.104223251342773438e+00
1.057642459869384766e+00
1.039752006530761719e+00
1.013692855834960938e+00
1.072053194046020508e+00
1.144386529922485352e+00
1.088223218917846680e+00
1.088733553886413574e+00
1.068750381469726562e+00
1.045287728309631348e+00
1.025021791458129883e+00
9.975462555885314941e-01
9.886228442192077637e-01
1.024778485298156738e+00
1.048734188079833984e+00
9.464031457901000977e-01
1.058760404586791992e+00
9.611424803733825684e-01
8.611851334571838379e-01
9.731415510177612305e-01
1.066593408584594727e+00
1.089965224266052246e+00
1.051066160202026367e+00
9.960463643074035645e-01
1.114040851593017578e+00
1.154755830764770508e+00
1.167566180229187012e+00
1.225568056106567383e+00
1.011148095130920410e+00
1.033488750457763672e+00
1.084575533866882324e+00
1.097529292106628418e+00
1.111794471740722656e+00
1.057855367660522461e+00
1.094911575317382812e+00
1.030978202819824219e+00
1.068582296371459961e+00
9.805012345314025879e-01
1.069365262985229492e+00
1.036438822746276855e+00
1.082402706146240234e+00
1.075250029563903809e+00
1.058339118957519531e+00
1.098724842071533203e+00
1.072611570358276367e+00
1.100458264350891113e+00
1.084173917770385742e+00
1.050452113151550293e+00
9.568336606025695801e-01
9.876773357391357422e-01
9.999386668205261230e-01
1.002473115921020508e+00
1.073907852172851562e+00
1.057652950286865234e+00
1.064322948455810547e+00
1.037168979644775391e+00
1.079094290733337402e+00
1.056756496429443359e+00
1.060590863227844238e+00
1.099067568778991699e+00
1.059599637985229492e+00
1.073286652565002441e+00
1.006906270980834961e+00
1.088577508926391602e+00
1.077573299407958984e+00
1.093753814697265625e+00
1.049295425415039062e+00
1.099346637725830078e+00
1.073088765144348145e+00
1.061946153640747070e+00
1.056537389755249023e+00
1.052311420440673828e+00
1.061383724212646484e+00
1.066729784011840820e+00
1.034494161605834961e+00
1.060428142547607422e+00
1.044069528579711914e+00
1.038482666015625000e+00
1.082804203033447266e+00
1.109007716178894043e+00
1.101876258850097656e+00
9.957831501960754395e-01
9.615984559059143066e-01
1.181735277175903320e+00
1.042376041412353516e+00
8.601978421211242676e-01
8.683973550796508789e-01
9.238700270652770996e-01
9.425682425498962402e-01
8.593920469284057617e-01
8.922767639160156250e-01
9.337280392646789551e-01
1.058762550354003906e+00
1.004680871963500977e+00
8.583064675331115723e-01
1.152447938919067383e+00
9.604347944259643555e-01
1.000425338745117188e+00
1.042747259140014648e+00
1.106607437133789062e+00
1.097396492958068848e+00
1.103662133216857910e+00
1.099385976791381836e+00
1.058941364288330078e+00
1.068605184555053711e+00
1.045719861984252930e+00
1.135700464248657227e+00
1.073027610778808594e+00
1.080899953842163086e+00
1.055628299713134766e+00
9.480901956558227539e-01
1.117852687835693359e+00
1.001602411270141602e+00
9.737173318862915039e-01
1.017174959182739258e+00
1.092769026756286621e+00
1.051389813423156738e+00
1.038606166839599609e+00
9.953347444534301758e-01
1.063532829284667969e+00
1.056816697120666504e+00
9.628775715827941895e-01
1.069972515106201172e+00
9.980123043060302734e-01
9.875061511993408203e-01
1.077798008918762207e+00
1.090160131454467773e+00
1.070671319961547852e+00
1.081267476081848145e+00
1.033361673355102539e+00
1.089146018028259277e+00
9.739760756492614746e-01
1.003844499588012695e+00
1.057307600975036621e+00
1.044187307357788086e+00
1.039421081542968750e+00
1.059586882591247559e+00
1.051842451095581055e+00
1.041702866554260254e+00
1.095571279525756836e+00
1.078813910484313965e+00
1.130532264709472656e+00
1.021481275558471680e+00
1.113744378089904785e+00
1.039197087287902832e+00
1.014901399612426758e+00
1.033217906951904297e+00
1.043208360671997070e+00
1.051509141921997070e+00
9.537982344627380371e-01
1.057633996009826660e+00
9.687151908874511719e-01
8.441475033760070801e-01
9.035111665725708008e-01
8.428938388824462891e-01
7.945828437805175781e-01
9.131821990013122559e-01
8.172026276588439941e-01
8.326153755187988281e-01
8.162052035331726074e-01
9.271210432052612305e-01
8.783966302871704102e-01
8.652929663658142090e-01
7.955347299575805664e-01
8.070349693298339844e-01
9.186962246894836426e-01
1.128213286399841309e+00
1.097211599349975586e+00
1.033237934112548828e+00
1.003203868865966797e+00
1.207524061203002930e+00
1.084196925163269043e+00
1.075672268867492676e+00
1.061188936233520508e+00
1.064958810806274414e+00
1.070341706275939941e+00
1.047074556350708008e+00
1.022915363311767578e+00
8.864855170249938965e-01
1.051558971405029297e+00
1.013279795646667480e+00
1.068889141082763672e+00
1.078072190284729004e+00
1.019269704818725586e+00
1.012177705764770508e+00
1.069149494171142578e+00
1.037224888801574707e+00
1.003142118453979492e+00
1.119392037391662598e+00
1.127702951431274414e+00
1.099727630615234375e+00
1.089370489120483398e+00
9.885014891624450684e-01
1.013461589813232422e+00
8.979625105857849121e-01
9.077993631362915039e-01
9.088190793991088867e-01
8.205888271331787109e-01
8.828467726707458496e-01
8.196898698806762695e-01
8.100411295890808105e-01
9.360006451606750488e-01
8.429055213928222656e-01
8.590147495269775391e-01
9.022341370582580566e-01
8.865701556205749512e-01
1.021691679954528809e+00
8.734564781188964844e-01
8.125961422920227051e-01
1.039154410362243652e+00
1.083035469055175781e+00
1.001180768013000488e+00
1.023533344268798828e+00
1.052294969558715820e+00
1.106135129928588867e+00
9.630522131919860840e-01
1.036715507507324219e+00
1.055923223495483398e+00
1.072064399719238281e+00
1.057112812995910645e+00
1.095109462738037109e+00
1.113821983337402344e+00
1.054393053054809570e+00
1.043428540229797363e+00
1.120286464691162109e+00
1.072906494140625000e+00
1.038873434066772461e+00
1.048953533172607422e+00
1.032928228378295898e+00
1.012865543365478516e+00
1.043397188186645508e+00
1.055955767631530762e+00
1.134120225906372070e+00
1.128164172172546387e+00
1.123346209526062012e+00
1.107647657394409180e+00
1.059700727462768555e+00
1.076365232467651367e+00
1.065896511077880859e+00
1.029779076576232910e+00
1.102041959762573242e+00
1.030658721923828125e+00
1.052687644958496094e+00
1.067225456237792969e+00
1.073840618133544922e+00
1.029385924339294434e+00
1.073536753654479980e+00
1.075906157493591309e+00
9.755605459213256836e-01
1.084824919700622559e+00
1.008112668991088867e+00
9.238309860229492188e-01
8.912464380264282227e-01
7.574338912963867188e-01
8.056793212890625000e-01
8.223648071289062500e-01
8.116467595100402832e-01
8.195614218711853027e-01
8.586590290069580078e-01
8.354839682579040527e-01
1.001801252365112305e+00
9.931192398071289062e-01
1.121924757957458496e+00
1.139697551727294922e+00
1.052227020263671875e+00
1.081311702728271484e+00
1.047049164772033691e+00
1.156554460525512695e+00
1.112993478775024414e+00
1.058198571205139160e+00
1.039574384689331055e+00
1.096802234649658203e+00
1.057678103446960449e+00
1.108473658561706543e+00
1.043770551681518555e+00
1.019432902336120605e+00
1.031035542488098145e+00
1.042239904403686523e+00
1.061038613319396973e+00
9.959004521369934082e-01
1.028778314590454102e+00
1.017641067504882812e+00
9.951066970825195312e-01
1.034655332565307617e+00
9.075062870979309082e-01
7.986456751823425293e-01
8.293580412864685059e-01
7.831301093101501465e-01
7.738965153694152832e-01
8.296507000923156738e-01
8.729345202445983887e-01
8.850910067558288574e-01
8.766021728515625000e-01
8.011942505836486816e-01
7.968362569808959961e-01
7.928252816200256348e-01
8.025219440460205078e-01
8.013116121292114258e-01
8.000258803367614746e-01
7.866710424423217773e-01
8.154091835021972656e-01
8.029552698135375977e-01
9.494944214820861816e-01
1.129446029663085938e+00
1.268220901489257812e+00
1.149646639823913574e+00
1.111167073249816895e+00
1.103428483009338379e+00
1.101475954055786133e+00
1.079810619354248047e+00
1.130692958831787109e+00
1.059023261070251465e+00
1.044847369194030762e+00
1.058314085006713867e+00
1.005356907844543457e+00
1.027646303176879883e+00
1.071375608444213867e+00
1.044229507446289062e+00
1.086597561836242676e+00
1.061560392379760742e+00
1.033759355545043945e+00
1.006114125251770020e+00
1.105756759643554688e+00
1.007944107055664062e+00
8.512648940086364746e-01
8.697072267532348633e-01
7.677568197250366211e-01
7.718135118484497070e-01
7.800808548927307129e-01
7.519739866256713867e-01
8.062817454338073730e-01
8.769183754920959473e-01
8.193014264106750488e-01
8.234071135520935059e-01
7.887387275695800781e-01
8.036666512489318848e-01
8.463020920753479004e-01
8.630768656730651855e-01
8.459178805351257324e-01
8.995503783226013184e-01
1.021885037422180176e+00
1.034994959831237793e+00
1.110636353492736816e+00
1.122674226760864258e+00
1.063047885894775391e+00
1.081979990005493164e+00
1.064853549003601074e+00
1.119612216949462891e+00
1.088298797607421875e+00
1.094043493270874023e+00
1.077151060104370117e+00
1.077071905136108398e+00
1.069376468658447266e+00
1.058630943298339844e+00
1.084502696990966797e+00
1.032239794731140137e+00
9.643016457557678223e-01
9.401369094848632812e-01
9.918063879013061523e-01
1.058607220649719238e+00
1.053002715110778809e+00
1.067501068115234375e+00
1.050728559494018555e+00
1.042368173599243164e+00
1.085130214691162109e+00
1.113089561462402344e+00
1.075768113136291504e+00
1.044974803924560547e+00
1.072691917419433594e+00
1.058495998382568359e+00
1.115703701972961426e+00
1.086004614830017090e+00
1.052008628845214844e+00
9.643016457557678223e-01
1.049416780471801758e+00
1.143679022789001465e+00
1.055005550384521484e+00
1.070347785949707031e+00
1.049706935882568359e+00
1.057817697525024414e+00
1.077617049217224121e+00
1.151889681816101074e+00
1.139791250228881836e+00
1.200992703437805176e+00
1.261624813079833984e+00
1.072594404220581055e+00
9.409188032150268555e-01
9.660168290138244629e-01
7.641700506210327148e-01
7.513387203216552734e-01
7.999629974365234375e-01
9.300386905670166016e-01
9.550534486770629883e-01
9.829136133193969727e-01
1.124387264251708984e+00
1.024325489997863770e+00
1.065406680107116699e+00
1.080454230308532715e+00
1.069265365600585938e+00
1.051327943801879883e+00
1.107626318931579590e+00
1.110515832901000977e+00
1.102183818817138672e+00
1.050999283790588379e+00
1.006749629974365234e+00
9.363913536071777344e-01
8.762954473495483398e-01
1.047328233718872070e+00
1.077257156372070312e+00
1.110183119773864746e+00
1.141315698623657227e+00
1.130021572113037109e+00
1.105768561363220215e+00
1.127695083618164062e+00
1.077824831008911133e+00
1.080691099166870117e+00
1.126874685287475586e+00
1.152520656585693359e+00
1.044730663299560547e+00
1.087045311927795410e+00
1.064944028854370117e+00
1.114566802978515625e+00
1.070382595062255859e+00
1.079115748405456543e+00
1.095530867576599121e+00
1.105627655982971191e+00
1.090674400329589844e+00
1.111614227294921875e+00
1.133684635162353516e+00
1.130428433418273926e+00
1.122458457946777344e+00
1.093775033950805664e+00
1.174441218376159668e+00
1.254251718521118164e+00
1.143323659896850586e+00
1.140770673751831055e+00
1.108680844306945801e+00
1.105637907981872559e+00
1.088028669357299805e+00
1.094787597656250000e+00
1.105695128440856934e+00
1.041703581809997559e+00
1.028123259544372559e+00
9.408877491950988770e-01
1.088348388671875000e+00
1.043527126312255859e+00
9.926690459251403809e-01
1.050431132316589355e+00
9.518522620201110840e-01
1.039018392562866211e+00
1.112287998199462891e+00
1.021184086799621582e+00
1.186779975891113281e+00
1.036885142326354980e+00
9.823192358016967773e-01
1.106535911560058594e+00
1.111392736434936523e+00
1.103583574295043945e+00
1.120534896850585938e+00
1.105250597000122070e+00
1.017391800880432129e+00
1.101790189743041992e+00
1.099620580673217773e+00
1.091641187667846680e+00
1.097448825836181641e+00
1.151239395141601562e+00
1.220369338989257812e+00
1.108312249183654785e+00
1.091754198074340820e+00
1.002578735351562500e+00
8.906533718109130859e-01
8.310095071792602539e-01
7.899757623672485352e-01
8.210432529449462891e-01
8.590342998504638672e-01
9.793564677238464355e-01
9.742780327796936035e-01
1.038632869720458984e+00
1.129558086395263672e+00
1.107814550399780273e+00
1.124410629272460938e+00
1.070747137069702148e+00
1.063582897186279297e+00
1.031369447708129883e+00
1.026366710662841797e+00
1.035122871398925781e+00
1.014987945556640625e+00
1.011877179145812988e+00
1.080251693725585938e+00
1.039110183715820312e+00
1.050765633583068848e+00
1.089676260948181152e+00
1.087005972862243652e+00
1.036078214645385742e+00
1.096619844436645508e+00
1.103986263275146484e+00
1.162275791168212891e+00
1.147582292556762695e+00
1.129894852638244629e+00
1.124721527099609375e+00
1.057553529739379883e+00
1.081366896629333496e+00
1.084691524505615234e+00
1.028264284133911133e+00
1.081664562225341797e+00
1.075063347816467285e+00
1.073074221611022949e+00
1.111213445663452148e+00
1.117845773696899414e+00
1.059273481369018555e+00
1.025999069213867188e+00
1.073802590370178223e+00
1.019834518432617188e+00
9.358373284339904785e-01
9.686655998229980469e-01
9.521040320396423340e-01
1.025474071502685547e+00
1.039219737052917480e+00
1.000483632087707520e+00
1.043506145477294922e+00
1.000784516334533691e+00
1.038540720939636230e+00
9.472839832305908203e-01
9.658613801002502441e-01
1.027571320533752441e+00
1.036637783050537109e+00
1.057356357574462891e+00
9.815210103988647461e-01
1.050323486328125000e+00
1.048483610153198242e+00
9.917666912078857422e-01
9.854130744934082031e-01
1.040950298309326172e+00
1.100851655006408691e+00
1.055881261825561523e+00
1.043146610260009766e+00
9.625867009162902832e-01
1.048275470733642578e+00
1.027817010879516602e+00
1.186389207839965820e+00
1.165599703788757324e+00
1.158439397811889648e+00
8.279268741607666016e-01
9.698602557182312012e-01
1.012420892715454102e+00
9.591022133827209473e-01
1.070421338081359863e+00
9.921100735664367676e-01
1.078804969787597656e+00
1.039844512939453125e+00
1.061938047409057617e+00
1.103734850883483887e+00
9.920083880424499512e-01
9.732061624526977539e-01
9.686461687088012695e-01
1.084065675735473633e+00
1.065624952316284180e+00
1.111097812652587891e+00
9.507014155387878418e-01
9.997821450233459473e-01
1.095774292945861816e+00
1.096116900444030762e+00
1.032333850860595703e+00
1.077768564224243164e+00
1.096512079238891602e+00
1.118399143218994141e+00
1.034019231796264648e+00
1.111522436141967773e+00
1.063910722732543945e+00
1.057066440582275391e+00
1.022108197212219238e+00
1.046543002128601074e+00
1.039061546325683594e+00
9.944499135017395020e-01
1.132984876632690430e+00
1.139212131500244141e+00
1.104126572608947754e+00
1.102152466773986816e+00
1.124211072921752930e+00
1.144279956817626953e+00
1.096381902694702148e+00
1.171278715133666992e+00
1.083955764770507812e+00
1.088038444519042969e+00
1.035181045532226562e+00
1.009965896606445312e+00
9.343471527099609375e-01
1.017226576805114746e+00
1.058694124221801758e+00
1.066819310188293457e+00
1.038406372070312500e+00
9.737948179244995117e-01
1.028936386108398438e+00
9.652264118194580078e-01
9.818842411041259766e-01
1.020061850547790527e+00
9.941651225090026855e-01
1.087043523788452148e+00
9.841770529747009277e-01
9.800599813461303711e-01
1.057094693183898926e+00
1.041478157043457031e+00
1.090434670448303223e+00
1.149515748023986816e+00
1.094088315963745117e+00
1.112550735473632812e+00
1.115296006202697754e+00
1.074287652969360352e+00
1.050889015197753906e+00
1.013332366943359375e+00
1.024829030036926270e+00
9.858028292655944824e-01
1.010450959205627441e+00
1.030542135238647461e+00
1.050366640090942383e+00
1.020609378814697266e+00
1.072520256042480469e+00
1.066405057907104492e+00
1.097339630126953125e+00
1.076991558074951172e+00
1.064967870712280273e+00
1.100603699684143066e+00
1.072076678276062012e+00
1.091399073600769043e+00
1.106167554855346680e+00
1.105375766754150391e+00
1.076493620872497559e+00
1.044713497161865234e+00
1.041266918182373047e+00
1.098092317581176758e+00
1.056992292404174805e+00
1.092334985733032227e+00
1.136646747589111328e+00
1.129163265228271484e+00
1.078120112419128418e+00
1.075241684913635254e+00
1.080541849136352539e+00
1.044939637184143066e+00
1.008569121360778809e+00
1.065415978431701660e+00
1.078105211257934570e+00
1.065443038940429688e+00
1.053793668746948242e+00
1.093556404113769531e+00
1.067737102508544922e+00
1.080921053886413574e+00
1.074713349342346191e+00
1.080404400825500488e+00
1.020924568176269531e+00
1.074443936347961426e+00
1.116197228431701660e+00
1.137167572975158691e+00
1.081529378890991211e+00
1.045621156692504883e+00
1.068961858749389648e+00
1.057171106338500977e+00
1.046954154968261719e+00
1.047038078308105469e+00
1.040041565895080566e+00
1.058975934982299805e+00
1.080721855163574219e+00
1.066441535949707031e+00
1.116912841796875000e+00
1.091821312904357910e+00
1.069821000099182129e+00
1.050920724868774414e+00
1.088006377220153809e+00
1.078882217407226562e+00
1.123755574226379395e+00
1.106597185134887695e+00
1.067920684814453125e+00
1.095313310623168945e+00
1.026211261749267578e+00
1.049951791763305664e+00
9.954714775085449219e-01
9.952805042266845703e-01
9.894008040428161621e-01
1.057697296142578125e+00
1.006208896636962891e+00
1.007170557975769043e+00
9.947904944419860840e-01
1.035923719406127930e+00
1.042583823204040527e+00
1.089125156402587891e+00
1.073816657066345215e+00
1.071352720260620117e+00
1.114375948905944824e+00
1.032142996788024902e+00
1.123037457466125488e+00
1.089849829673767090e+00
1.085437297821044922e+00
1.030770778656005859e+00
1.071212768554687500e+00
1.096179723739624023e+00
1.050271987915039062e+00
1.085920810699462891e+00
1.085396766662597656e+00
1.049881219863891602e+00
1.134406924247741699e+00
1.052857041358947754e+00
1.096176385879516602e+00
1.046998977661132812e+00
1.073761940002441406e+00
1.105406403541564941e+00
1.067818880081176758e+00
1.140943288803100586e+00
1.087233543395996094e+00
1.025361061096191406e+00
1.116999387741088867e+00
1.011613368988037109e+00
9.804872870445251465e-01
9.678009748458862305e-01
1.045549869537353516e+00
1.133606672286987305e+00
1.148800373077392578e+00
1.054867267608642578e+00
1.032813191413879395e+00
9.815067648887634277e-01
9.993942975997924805e-01
1.042702555656433105e+00
9.786427021026611328e-01
1.035651326179504395e+00
1.035425901412963867e+00
1.065270185470581055e+00
1.034981250762939453e+00
1.023403167724609375e+00
1.017775893211364746e+00
1.083501577377319336e+00
1.047197222709655762e+00
9.500818252563476562e-01
1.039561510086059570e+00
1.037760019302368164e+00
6.898465156555175781e-01
9.541894793510437012e-01
1.123431563377380371e+00
1.040917277336120605e+00
1.070904493331909180e+00
1.069141387939453125e+00
1.089588761329650879e+00
1.091341137886047363e+00
9.726995229721069336e-01
1.012659788131713867e+00
1.014594078063964844e+00
1.029317855834960938e+00
1.018927812576293945e+00
9.880983829498291016e-01
9.959084987640380859e-01
1.090244650840759277e+00
1.027081370353698730e+00
1.009312868118286133e+00
1.000682830810546875e+00
1.059140205383300781e+00
1.011748313903808594e+00
1.017839670181274414e+00
1.039522409439086914e+00
1.079176902770996094e+00
1.069352388381958008e+00
1.035089015960693359e+00
1.115736722946166992e+00
1.084994316101074219e+00
1.104703664779663086e+00
1.045640826225280762e+00
1.091261863708496094e+00
1.084643602371215820e+00
1.078783273696899414e+00
1.060567378997802734e+00
1.073917031288146973e+00
1.005750656127929688e+00
1.020413160324096680e+00
1.059440612792968750e+00
1.045253515243530273e+00
8.149657845497131348e-01
9.418320059776306152e-01
1.053471565246582031e+00
1.058537721633911133e+00
1.059606194496154785e+00
1.076483488082885742e+00
1.139618158340454102e+00
1.131449699401855469e+00
1.084191083908081055e+00
1.122833967208862305e+00
1.187241792678833008e+00
1.180976510047912598e+00
1.126023769378662109e+00
1.122797250747680664e+00
1.132825374603271484e+00
1.062664985656738281e+00
1.242336511611938477e+00
1.174290180206298828e+00
1.171875715255737305e+00
1.165435552597045898e+00
1.197559118270874023e+00
1.046543836593627930e+00
1.113262414932250977e+00
1.067200779914855957e+00
1.019193649291992188e+00
1.013526082038879395e+00
1.014905929565429688e+00
9.439163804054260254e-01
1.074029684066772461e+00
1.086235165596008301e+00
1.072038650512695312e+00
1.085431337356567383e+00
1.096213817596435547e+00
1.128872513771057129e+00
1.199339866638183594e+00
1.235447764396667480e+00
1.371340036392211914e+00
1.370745539665222168e+00
1.365747094154357910e+00
1.381661415100097656e+00
1.249206066131591797e+00
1.015888452529907227e+00
1.000777244567871094e+00
8.656820058822631836e-01
1.171309590339660645e+00
8.539589643478393555e-01
1.306365489959716797e+00
1.389259934425354004e+00
8.577364087104797363e-01
1.100024223327636719e+00
1.186031103134155273e+00
1.110819697380065918e+00
1.052331447601318359e+00
1.008858442306518555e+00
1.063995718955993652e+00
9.794726967811584473e-01
1.029305458068847656e+00
9.870554804801940918e-01
9.837751984596252441e-01
1.068990826606750488e+00
1.069663166999816895e+00
1.133635044097900391e+00
1.158926129341125488e+00
1.116986751556396484e+00
1.071266889572143555e+00
1.101780056953430176e+00
1.051808118820190430e+00
1.123236298561096191e+00
1.107946515083312988e+00
1.089723348617553711e+00
1.048278689384460449e+00
9.521657824516296387e-01
1.036693692207336426e+00
1.030558943748474121e+00
1.028490781784057617e+00
1.051528930664062500e+00
1.072416543960571289e+00
1.063409328460693359e+00
1.070507287979125977e+00
1.083026766777038574e+00
9.905743002891540527e-01
1.088329076766967773e+00
1.037764310836791992e+00
1.072461128234863281e+00
1.094835519790649414e+00
1.093371152877807617e+00
1.062406539916992188e+00
1.044726729393005371e+00
9.904012680053710938e-01
1.055989027023315430e+00
1.072421073913574219e+00
1.060981512069702148e+00
1.027628064155578613e+00
1.022832989692687988e+00
9.086070060729980469e-01
8.559279441833496094e-01
1.016271948814392090e+00
1.028826355934143066e+00
1.097538828849792480e+00
1.106736063957214355e+00
1.110749721527099609e+00
1.160269498825073242e+00
1.168218851089477539e+00
1.157399654388427734e+00
1.136975765228271484e+00
1.031209707260131836e+00
1.372560381889343262e+00
1.279319763183593750e+00
1.257268428802490234e+00
8.259419202804565430e-01
8.059178590774536133e-01
1.105448246002197266e+00
7.709249854087829590e-01
1.005045175552368164e+00
8.950176835060119629e-01
1.089576601982116699e+00
1.134778738021850586e+00
1.008687257766723633e+00
9.764103889465332031e-01
1.109691977500915527e+00
1.064907073974609375e+00
1.029533028602600098e+00
1.071370601654052734e+00
1.059113264083862305e+00
1.168204069137573242e+00
1.137734889984130859e+00
1.204690575599670410e+00
1.168595552444458008e+00
1.280452132225036621e+00
1.313321948051452637e+00
1.373666286468505859e+00
1.461309790611267090e+00
1.314597845077514648e+00
1.501110196113586426e+00
1.369255661964416504e+00
1.295607566833496094e+00
1.455785870552062988e+00
1.358295917510986328e+00
1.246656298637390137e+00
1.524588823318481445e+00
1.019935369491577148e+00
1.261093735694885254e+00
1.359591841697692871e+00
1.215909242630004883e+00
1.171249032020568848e+00
1.185820817947387695e+00
1.091196894645690918e+00
1.063530445098876953e+00
1.050477027893066406e+00
1.045006990432739258e+00
1.016098022460937500e+00
1.030788302421569824e+00
1.069519042968750000e+00
1.061722993850708008e+00
1.153707742691040039e+00
1.106072187423706055e+00
1.048841595649719238e+00
1.159903764724731445e+00
1.287866592407226562e+00
1.432668805122375488e+00
1.274129748344421387e+00
1.260030984878540039e+00
1.077346444129943848e+00
1.482287645339965820e+00
1.345296144485473633e+00
1.291720390319824219e+00
1.448215961456298828e+00
1.362588882446289062e+00
1.368004798889160156e+00
1.299821496009826660e+00
1.055476784706115723e+00
1.299098014831542969e+00
1.316442966461181641e+00
1.280010819435119629e+00
1.192968964576721191e+00
1.138885021209716797e+00
1.048420190811157227e+00
1.074630022048950195e+00
1.032295703887939453e+00
9.980375170707702637e-01
1.013941049575805664e+00
9.813782572746276855e-01
1.023472428321838379e+00
1.085047841072082520e+00
1.140059113502502441e+00
1.232681035995483398e+00
1.216331005096435547e+00
1.365173459053039551e+00
1.425860285758972168e+00
1.187526941299438477e+00
1.123522877693176270e+00
1.139099717140197754e+00
1.023516178131103516e+00
1.019155502319335938e+00
9.740048646926879883e-01
1.055016756057739258e+00
1.039873003959655762e+00
1.085242509841918945e+00
1.015637397766113281e+00
1.391608238220214844e+00
1.179764389991760254e+00
1.173256635665893555e+00
1.418034911155700684e+00
1.438016891479492188e+00
1.369337439537048340e+00
1.228531718254089355e+00
3.731112182140350342e-01
1.337676525115966797e+00
1.349025011062622070e+00
1.335086584091186523e+00
1.294495344161987305e+00
1.269275426864624023e+00
1.356083393096923828e+00
1.378822326660156250e+00
1.284868240356445312e+00
1.078791856765747070e+00
1.083527922630310059e+00
1.070597171783447266e+00
9.992245435714721680e-01
9.927163124084472656e-01
1.002043962478637695e+00
9.907820820808410645e-01
9.775311946868896484e-01
9.756136536598205566e-01
1.072271227836608887e+00
1.018466830253601074e+00
1.076003670692443848e+00
1.161510705947875977e+00
1.273986101150512695e+00
1.290789961814880371e+00
1.370315790176391602e+00
1.246265172958374023e+00
1.273443818092346191e+00
1.426468491554260254e+00
1.627924561500549316e+00
1.460694074630737305e+00
1.537497401237487793e+00
1.511261701583862305e+00
1.295076370239257812e+00
1.370091795921325684e+00
1.326294064521789551e+00
1.272980332374572754e+00
6.223775744438171387e-01
1.313583970069885254e+00
1.264050006866455078e+00
1.349201440811157227e+00
1.123768687248229980e+00
1.097111701965332031e+00
1.330195069313049316e+00
1.055665612220764160e+00
1.492668628692626953e+00
1.374591588973999023e+00
1.098565578460693359e+00
1.046478509902954102e+00
1.022715806961059570e+00
9.587644934654235840e-01
1.408651232719421387e+00
1.527714252471923828e+00
1.286551952362060547e+00
2.897726297378540039e-01
1.480131745338439941e+00
1.416194796562194824e+00
1.395003676414489746e+00
1.251248240470886230e+00
3.009548783302307129e-01
1.435841679573059082e+00
1.321301102638244629e+00
1.451328516006469727e+00
1.380339384078979492e+00
1.342328071594238281e+00
1.310180902481079102e+00
1.052361488342285156e+00
1.017367362976074219e+00
1.333809018135070801e+00
1.155789256095886230e+00
1.005098223686218262e+00
9.692407846450805664e-01
9.719941020011901855e-01
8.884478807449340820e-01
1.365151643753051758e+00
1.049697399139404297e+00
7.005271911621093750e-01
6.868674755096435547e-01
1.342288970947265625e+00
1.466980457305908203e+00
1.363357186317443848e+00
1.044501900672912598e+00
7.078772187232971191e-01
1.331315517425537109e+00
8.916432261466979980e-01
3.237880170345306396e-01
1.211677432060241699e+00
8.634539246559143066e-01
3.269313275814056396e-01
1.271911978721618652e+00
1.019592285156250000e+00
1.361020565032958984e+00
3.991728723049163818e-01
1.281111717224121094e+00
8.338028788566589355e-01
1.288693070411682129e+00
4.165380597114562988e-01
2.975609004497528076e-01
1.504950761795043945e+00
1.304538369178771973e+00
1.416247487068176270e+00
9.744597673416137695e-01
3.618941903114318848e-01
1.347266912460327148e+00
6.933380961418151855e-01
3.660508990287780762e-01
2.847732603549957275e-01
1.269006252288818359e+00
1.069751262664794922e+00
1.298073649406433105e+00
1.012088656425476074e+00
3.005176484584808350e-01
1.388967871665954590e+00
1.254706382751464844e+00
1.328296065330505371e+00
7.997124791145324707e-01
3.357475399971008301e-01
2.906332910060882568e-01
1.317928314208984375e+00
1.565890312194824219e+00
1.433045029640197754e+00
1.419390201568603516e+00
1.309402227401733398e+00
1.529559254646301270e+00
1.413428544998168945e+00
1.186956167221069336e+00
1.426108479499816895e+00
1.446628570556640625e+00
1.483687162399291992e+00
1.478966951370239258e+00
1.412093400955200195e+00
1.135372400283813477e+00
1.150217652320861816e+00
1.277483582496643066e+00
1.110593199729919434e+00
1.199522376060485840e+00
1.293830633163452148e+00
6.690362095832824707e-01
1.271473050117492676e+00
1.281168103218078613e+00
1.348060727119445801e+00
3.018684387207031250e-01
1.312941074371337891e+00
1.516646742820739746e+00
1.336102128028869629e+00
1.377429366111755371e+00
3.208245038986206055e-01
1.295161604881286621e+00
3.187572658061981201e-01
1.370012521743774414e+00
2.977848649024963379e-01
3.042443096637725830e-01
1.333675861358642578e+00
3.300220072269439697e-01
1.309180736541748047e+00
1.358433246612548828e+00
2.961941659450531006e-01
1.286810874938964844e+00
1.065303206443786621e+00
2.989914417266845703e-01
1.281790971755981445e+00
7.670764327049255371e-01
2.987288832664489746e-01
1.345965027809143066e+00
9.725203514099121094e-01
1.080154895782470703e+00
1.316637277603149414e+00
8.619476556777954102e-01
3.506644368171691895e-01
3.250761628150939941e-01
3.182953298091888428e-01
1.302757859230041504e+00
6.865279674530029297e-01
3.812269866466522217e-01
3.134344816207885742e-01
2.894323766231536865e-01
1.388735890388488770e+00
3.337140083312988281e-01
1.373290419578552246e+00
8.646821975708007812e-01
1.349661946296691895e+00
3.385069072246551514e-01
3.018790483474731445e-01
1.279181003570556641e+00
3.282415568828582764e-01
1.256934046745300293e+00
3.133718371391296387e-01
3.107217252254486084e-01
1.366575598716735840e+00
1.187196016311645508e+00
5.133977532386779785e-01
1.374197483062744141e+00
3.299243450164794922e-01
1.270604252815246582e+00
3.185413181781768799e-01
3.012237846851348877e-01
1.331649184226989746e+00
1.290476679801940918e+00
1.364014029502868652e+00
3.422950804233551025e-01
1.248174667358398438e+00
3.721233308315277100e-01
3.202615082263946533e-01
1.383012533187866211e+00
3.217142820358276367e-01
1.347387552261352539e+00
1.374374747276306152e+00
7.765046358108520508e-01
9.459515213966369629e-01
4.976330995559692383e-01
1.271679282188415527e+00
4.435077607631683350e-01
3.402190208435058594e-01
1.448946714401245117e+00
6.882087588310241699e-01
1.316073179244995117e+00
7.239109277725219727e-01
1.297145724296569824e+00
1.184291481971740723e+00
1.279330015182495117e+00
3.164215683937072754e-01
1.446155548095703125e+00
1.230040907859802246e+00
1.287954688072204590e+00
3.353103995323181152e-01
1.327520489692687988e+00
1.159711480140686035e+00
1.292376756668090820e+00
1.057703495025634766e+00
4.580618143081665039e-01
1.359739065170288086e+00
7.798948884010314941e-01
1.330938577651977539e+00
7.554635405540466309e-01
3.064925372600555420e-01
3.295029401779174805e-01
1.285971522331237793e+00
1.313560128211975098e+00
1.069848299026489258e+00
1.293921589851379395e+00
3.172142207622528076e-01
5.577410459518432617e-01
1.268441438674926758e+00
2.858615219593048096e-01
1.282472372055053711e+00
3.327730596065521240e-01
1.291126489639282227e+00
1.318052411079406738e+00
3.381699919700622559e-01
3.359246253967285156e-01
3.195270299911499023e-01
1.391293883323669434e+00
3.137129545211791992e-01
1.274848937988281250e+00
1.259583473205566406e+00
3.126537203788757324e-01
1.271935820579528809e+00
2.955944240093231201e-01
2.946439385414123535e-01
1.396884679794311523e+00
2.762742638587951660e-01
1.312400102615356445e+00
8.265614509582519531e-01
1.540373325347900391e+00
1.036044836044311523e+00
1.156303405761718750e+00
8.240246772766113281e-01
1.452904105186462402e+00
8.114206194877624512e-01
1.459606766700744629e+00
2.902201414108276367e-01
3.801235854625701904e-01
1.273504734039306641e+00
3.077940940856933594e-01
1.262327551841735840e+00
3.260734975337982178e-01
1.439888238906860352e+00
8.382377028465270996e-01
1.393966794013977051e+00
8.563287854194641113e-01
4.123724400997161865e-01
3.333611786365509033e-01
1.275850296020507812e+00
1.292574405670166016e+00
8.198512196540832520e-01
1.141286253929138184e+00
3.142743110656738281e-01
7.537297606468200684e-01
1.399646401405334473e+00
1.196770191192626953e+00
1.227656126022338867e+00
1.586474180221557617e+00
1.254031896591186523e+00
1.540759563446044922e+00
4.115331470966339111e-01
1.030523300170898438e+00
9.064492583274841309e-01
1.358241796493530273e+00
1.574261069297790527e+00
1.482794165611267090e+00
1.529618382453918457e+00
1.484082937240600586e+00
1.542585730552673340e+00
1.499450802803039551e+00
1.545529127120971680e+00
1.544960260391235352e+00
1.582400798797607422e+00
1.488141536712646484e+00
1.435652136802673340e+00
1.578189730644226074e+00
1.304689049720764160e+00
1.572387814521789551e+00
1.598301649093627930e+00
1.518761754035949707e+00
3.087647259235382080e-01
3.088325858116149902e-01
5.054684877395629883e-01
8.700718879699707031e-01
5.025871992111206055e-01
1.073578715324401855e+00
3.355711102485656738e-01
5.029894113540649414e-01
8.589358329772949219e-01
7.278572320938110352e-01
9.231966733932495117e-01
1.096899151802062988e+00
9.751569628715515137e-01
4.380154311656951904e-01
1.031774759292602539e+00
9.430520534515380859e-01
4.077994525432586670e-01
7.158778309822082520e-01
4.499526619911193848e-01
6.866885423660278320e-01
5.724908709526062012e-01
5.639391541481018066e-01
