1.468928694725036621e+00
1.707973480224609375e+00
1.584012866020202637e+00
1.567067265510559082e+00
1.562287211418151855e+00
1.544536948204040527e+00
1.467980742454528809e+00
1.430100202560424805e+00
1.486539602279663086e+00
1.511054754257202148e+00
1.491675019264221191e+00
1.547672748565673828e+00
1.591396212577819824e+00
1.583866596221923828e+00
1.478515982627868652e+00
1.395871281623840332e+00
1.681704044342041016e+00
1.575653314590454102e+00
1.636965036392211914e+00
1.516035079956054688e+00
1.451718568801879883e+00
1.439349770545959473e+00
1.498740673065185547e+00
1.411337137222290039e+00
1.341028451919555664e+00
1.368811488151550293e+00
1.317641258239746094e+00
1.318988084793090820e+00
1.545955777168273926e+00
1.477056264877319336e+00
1.585836887359619141e+00
1.352612614631652832e+00
1.613454580307006836e+00
1.565550923347473145e+00
1.640488028526306152e+00
3.596565723419189453e-01
8.902376890182495117e-01
1.121855497360229492e+00
3.351683616638183594e-01
5.123516321182250977e-01
5.338585376739501953e-01
8.754301071166992188e-01
9.486542940139770508e-01
1.613227605819702148e+00
1.658612966537475586e+00
1.359668016433715820e+00
1.444437384605407715e+00
1.449122786521911621e+00
1.530101537704467773e+00
1.553036332130432129e+00
1.420725345611572266e+00
1.551133632659912109e+00
1.480503678321838379e+00
1.625482797622680664e+00
1.422329902648925781e+00
1.643316149711608887e+00
1.607764124870300293e+00
1.325291752815246582e+00
5.098116993904113770e-01
1.497710347175598145e+00
1.545179605484008789e+00
1.609850168228149414e+00
1.387542128562927246e+00
1.465019702911376953e+00
1.521871447563171387e+00
1.619356870651245117e+00
1.528014063835144043e+00
1.441066741943359375e+00
1.690878868103027344e+00
1.556216001510620117e+00
1.588484644889831543e+00
1.254574656486511230e+00
1.447305202484130859e+00
1.459060668945312500e+00
1.402231454849243164e+00
1.436440706253051758e+00
1.384476184844970703e+00
1.357768297195434570e+00
1.444031715393066406e+00
1.430095314979553223e+00
1.455418229103088379e+00
1.505729079246520996e+00
1.599435925483703613e+00
1.480422735214233398e+00
1.566058635711669922e+00
1.570380449295043945e+00
1.433271646499633789e+00
1.645264744758605957e+00
1.152293682098388672e+00
1.470807790756225586e+00
1.485187530517578125e+00
1.459869146347045898e+00
1.510340809822082520e+00
1.464852690696716309e+00
1.519783139228820801e+00
1.411226272583007812e+00
1.626873612403869629e+00
1.699830770492553711e+00
1.662883281707763672e+00
1.663891553878784180e+00
1.656393408775329590e+00
1.633796215057373047e+00
1.414108991622924805e+00
1.614257097244262695e+00
1.629538774490356445e+00
1.633619666099548340e+00
1.587653756141662598e+00
1.626674532890319824e+00
1.521860241889953613e+00
1.658619761466979980e+00
1.515472531318664551e+00
1.499884843826293945e+00
1.570264577865600586e+00
1.574210762977600098e+00
1.636822223663330078e+00
1.465049624443054199e+00
1.462586998939514160e+00
1.369763851165771484e+00
1.467702031135559082e+00
1.368192553520202637e+00
1.313881397247314453e+00
1.451718449592590332e+00
1.597823381423950195e+00
1.554302453994750977e+00
1.487605810165405273e+00
1.393499732017517090e+00
1.466377496719360352e+00
1.441540002822875977e+00
1.393378019332885742e+00
1.268280625343322754e+00
1.206357598304748535e+00
1.196064710617065430e+00
1.233862996101379395e+00
1.511764407157897949e+00
1.426888227462768555e+00
1.513589739799499512e+00
1.637851238250732422e+00
1.673775196075439453e+00
4.294515848159790039e-01
5.325639247894287109e-01
1.545456051826477051e+00
3.320460915565490723e-01
5.680646300315856934e-01
9.734927415847778320e-01
1.249579071998596191e+00
1.577427029609680176e+00
1.366821289062500000e+00
1.454052925109863281e+00
1.392587184906005859e+00
1.338950991630554199e+00
1.298707008361816406e+00
1.239305973052978516e+00
1.398116469383239746e+00
1.412752747535705566e+00
1.392121553421020508e+00
1.231373071670532227e+00
1.150967597961425781e+00
1.129901289939880371e+00
1.178920149803161621e+00
1.147534132003784180e+00
1.275168418884277344e+00
1.336082577705383301e+00
1.262807726860046387e+00
1.337655425071716309e+00
1.286315679550170898e+00
1.324354887008666992e+00
1.396783113479614258e+00
1.493310570716857910e+00
1.311491966247558594e+00
1.399905681610107422e+00
1.540191411972045898e+00
1.526052713394165039e+00
1.391728281974792480e+00
1.481918334960937500e+00
1.368818521499633789e+00
1.213912248611450195e+00
1.251164793968200684e+00
1.132899761199951172e+00
1.144538879394531250e+00
1.160154104232788086e+00
1.171879291534423828e+00
1.203945398330688477e+00
1.117239236831665039e+00
1.149527430534362793e+00
1.164740562438964844e+00
1.143866300582885742e+00
1.136136054992675781e+00
1.102232813835144043e+00
1.199043154716491699e+00
1.168084144592285156e+00
1.187086105346679688e+00
1.068308472633361816e+00
1.031451940536499023e+00
1.040605545043945312e+00
1.151318311691284180e+00
1.184046983718872070e+00
1.152368783950805664e+00
1.189091682434082031e+00
1.302340269088745117e+00
1.219345927238464355e+00
1.221625328063964844e+00
1.205144882202148438e+00
1.228060483932495117e+00
1.128133058547973633e+00
1.055787801742553711e+00
1.142090320587158203e+00
1.234537959098815918e+00
1.226586818695068359e+00
1.186675786972045898e+00
1.153867840766906738e+00
1.277869224548339844e+00
1.327721595764160156e+00
1.502336144447326660e+00
1.557071805000305176e+00
1.504340052604675293e+00
1.358129978179931641e+00
1.128855705261230469e+00
1.090479612350463867e+00
1.026088714599609375e+00
1.258471250534057617e+00
1.314675092697143555e+00
1.432431578636169434e+00
1.477300405502319336e+00
1.561619758605957031e+00
1.629698276519775391e+00
1.573529958724975586e+00
1.478658199310302734e+00
1.469331502914428711e+00
1.502927184104919434e+00
1.450678110122680664e+00
1.533146739006042480e+00
1.184122085571289062e+00
1.273221135139465332e+00
1.248613476753234863e+00
1.155753254890441895e+00
1.280159950256347656e+00
1.306296825408935547e+00
1.319894790649414062e+00
1.366960763931274414e+00
1.382126808166503906e+00
1.402651309967041016e+00
1.376606106758117676e+00
1.441344022750854492e+00
1.538736581802368164e+00
1.476731061935424805e+00
1.554233312606811523e+00
1.631495714187622070e+00
1.596942543983459473e+00
1.623334884643554688e+00
1.690905451774597168e+00
1.484136223793029785e+00
1.440801382064819336e+00
1.633941411972045898e+00
1.564420461654663086e+00
1.420560717582702637e+00
1.479516386985778809e+00
1.397606134414672852e+00
1.354472994804382324e+00
1.429365158081054688e+00
1.424452304840087891e+00
1.284938097000122070e+00
1.256014227867126465e+00
1.141627788543701172e+00
1.080458998680114746e+00
1.214497089385986328e+00
1.192511558532714844e+00
1.186352133750915527e+00
1.231339931488037109e+00
1.186418175697326660e+00
1.141364693641662598e+00
1.123365402221679688e+00
1.062095880508422852e+00
1.027826070785522461e+00
1.034434914588928223e+00
1.094375848770141602e+00
1.109687805175781250e+00
1.142869234085083008e+00
1.013723611831665039e+00
1.172441959381103516e+00
1.164457082748413086e+00
1.175678372383117676e+00
1.151340246200561523e+00
1.138416051864624023e+00
1.382462859153747559e+00
1.401240110397338867e+00
1.387597322463989258e+00
1.218145847320556641e+00
1.161437749862670898e+00
1.137092828750610352e+00
1.101014375686645508e+00
1.241837382316589355e+00
1.346925139427185059e+00
1.177137017250061035e+00
1.178319931030273438e+00
1.147919893264770508e+00
1.213225245475769043e+00
1.209654927253723145e+00
1.129319548606872559e+00
1.319287061691284180e+00
1.478098392486572266e+00
1.457009673118591309e+00
1.444323420524597168e+00
1.357213020324707031e+00
1.175672292709350586e+00
1.170276284217834473e+00
1.214484930038452148e+00
1.099216222763061523e+00
1.138226270675659180e+00
1.124510526657104492e+00
1.108159661293029785e+00
1.075186014175415039e+00
1.068950891494750977e+00
1.116324424743652344e+00
1.095441341400146484e+00
1.038860440254211426e+00
1.167417407035827637e+00
1.140238761901855469e+00
1.140659689903259277e+00
1.079366445541381836e+00
1.122743606567382812e+00
1.189132094383239746e+00
1.121176600456237793e+00
1.072767972946166992e+00
1.055860757827758789e+00
1.088959813117980957e+00
1.062175989151000977e+00
1.067558526992797852e+00
1.075370907783508301e+00
1.057985305786132812e+00
1.124102950096130371e+00
1.033818483352661133e+00
1.019260883331298828e+00
1.050277113914489746e+00
9.758595824241638184e-01
1.031241178512573242e+00
1.004028558731079102e+00
1.008617162704467773e+00
1.016775131225585938e+00
1.065676569938659668e+00
1.085966825485229492e+00
9.975140690803527832e-01
1.144983291625976562e+00
1.170040845870971680e+00
1.143828272819519043e+00
1.231222510337829590e+00
1.149366855621337891e+00
1.035611391067504883e+00
1.019364953041076660e+00
1.150477290153503418e+00
1.162199974060058594e+00
1.042625904083251953e+00
1.075849652290344238e+00
1.172927379608154297e+00
1.102791309356689453e+00
1.040124416351318359e+00
1.163334250450134277e+00
1.092256426811218262e+00
1.035907268524169922e+00
1.058855295181274414e+00
9.240086078643798828e-01
1.087618112564086914e+00
1.059249162673950195e+00
1.098041057586669922e+00
1.037292242050170898e+00
1.005196332931518555e+00
1.058246850967407227e+00
1.044628381729125977e+00
1.155796289443969727e+00
1.250836730003356934e+00
1.122763156890869141e+00
1.058511257171630859e+00
1.091336965560913086e+00
1.027179241180419922e+00
1.058763980865478516e+00
9.944674968719482422e-01
1.151916027069091797e+00
9.802716970443725586e-01
9.409012794494628906e-01
1.031238317489624023e+00
9.688376784324645996e-01
9.595169425010681152e-01
9.929851293563842773e-01
1.024959325790405273e+00
9.381769895553588867e-01
9.445163607597351074e-01
1.053152322769165039e+00
1.041526556015014648e+00
1.030589580535888672e+00
1.078483819961547852e+00
1.076930522918701172e+00
1.060463666915893555e+00
1.013280987739562988e+00
1.060170412063598633e+00
1.085908293724060059e+00
1.085996627807617188e+00
1.089629292488098145e+00
1.012239217758178711e+00
1.027044057846069336e+00
1.163013935089111328e+00
1.118453741073608398e+00
1.034455299377441406e+00
1.079139471054077148e+00
1.058949947357177734e+00
1.065954446792602539e+00
1.012831449508666992e+00
1.030202746391296387e+00
1.100296974182128906e+00
1.157494068145751953e+00
1.162405729293823242e+00
1.201522111892700195e+00
1.431470394134521484e+00
1.395037412643432617e+00
1.408507347106933594e+00
1.204807162284851074e+00
1.170856595039367676e+00
1.179252624511718750e+00
1.145531892776489258e+00
1.185973167419433594e+00
1.204530477523803711e+00
1.088782668113708496e+00
1.155599832534790039e+00
1.061439275741577148e+00
1.085987448692321777e+00
1.208846569061279297e+00
1.226521253585815430e+00
1.213327169418334961e+00
1.079159021377563477e+00
1.171762466430664062e+00
1.125440835952758789e+00
1.094465970993041992e+00
1.120992064476013184e+00
1.083886146545410156e+00
1.019582271575927734e+00
1.108285427093505859e+00
1.113918304443359375e+00
1.007345438003540039e+00
1.048497319221496582e+00
1.174858808517456055e+00
1.194531202316284180e+00
1.167943000793457031e+00
1.100210428237915039e+00
1.088832497596740723e+00
1.187291860580444336e+00
1.160505056381225586e+00
1.163367867469787598e+00
1.173716783523559570e+00
1.066211938858032227e+00
1.046349406242370605e+00
1.066326975822448730e+00
1.098825812339782715e+00
1.063261747360229492e+00
1.045685768127441406e+00
1.095393657684326172e+00
1.084142684936523438e+00
9.826158881187438965e-01
1.088728427886962891e+00
1.135782718658447266e+00
1.115095138549804688e+00
9.896657466888427734e-01
9.892580509185791016e-01
1.060357332229614258e+00
1.067118763923645020e+00
1.088264226913452148e+00
9.740436673164367676e-01
1.006601572036743164e+00
1.051970481872558594e+00
1.014960169792175293e+00
1.025046348571777344e+00
1.070312261581420898e+00
1.036756038665771484e+00
1.037404537200927734e+00
1.019689321517944336e+00
1.063339710235595703e+00
1.020349383354187012e+00
1.015755534172058105e+00
9.950100779533386230e-01
1.061772227287292480e+00
1.021438717842102051e+00
9.976826906204223633e-01
1.057717680931091309e+00
1.004232645034790039e+00
1.030042648315429688e+00
1.072831392288208008e+00
9.907172322273254395e-01
1.115465760231018066e+00
1.046697258949279785e+00
9.805483818054199219e-01
1.020770072937011719e+00
1.074776649475097656e+00
1.077821969985961914e+00
1.074319601058959961e+00
1.016825914382934570e+00
1.002927541732788086e+00
1.021081447601318359e+00
1.031063556671142578e+00
1.063387632369995117e+00
1.004703998565673828e+00
1.069374322891235352e+00
9.964473843574523926e-01
9.752004742622375488e-01
1.013391852378845215e+00
1.008924245834350586e+00
1.038558006286621094e+00
1.057273387908935547e+00
1.036302089691162109e+00
1.045793890953063965e+00
1.022394061088562012e+00
1.040206313133239746e+00
1.049939274787902832e+00
1.003293275833129883e+00
1.073948502540588379e+00
1.073360681533813477e+00
1.041567087173461914e+00
9.993010759353637695e-01
1.047731399536132812e+00
1.144355416297912598e+00
1.088026762008666992e+00
8.910712003707885742e-01
1.042639255523681641e+00
1.077352643013000488e+00
1.038497805595397949e+00
1.050078034400939941e+00
1.049523115158081055e+00
1.076890110969543457e+00
1.047410368919372559e+00
1.052911877632141113e+00
1.151613473892211914e+00
1.221908807754516602e+00
1.229052662849426270e+00
1.241122245788574219e+00
1.172381043434143066e+00
1.287087440490722656e+00
1.334663271903991699e+00
1.255315899848937988e+00
1.127460718154907227e+00
1.011271715164184570e+00
1.140772938728332520e+00
1.182306289672851562e+00
1.272578358650207520e+00
1.315916419029235840e+00
1.372186183929443359e+00
1.340807080268859863e+00
1.250026702880859375e+00
1.183836698532104492e+00
1.186385154724121094e+00
1.142659425735473633e+00
1.066965818405151367e+00
1.012481212615966797e+00
1.035347819328308105e+00
1.027330160140991211e+00
1.173873186111450195e+00
9.871668815612792969e-01
1.090619206428527832e+00
1.188907027244567871e+00
1.208331346511840820e+00
1.356740713119506836e+00
1.175783157348632812e+00
1.062610387802124023e+00
1.043574690818786621e+00
9.926595091819763184e-01
1.012979030609130859e+00
1.013165235519409180e+00
1.033059120178222656e+00
9.797365069389343262e-01
1.019276499748229980e+00
1.011908292770385742e+00
1.081783175468444824e+00
1.001322984695434570e+00
9.858376979827880859e-01
9.809253811836242676e-01
1.027467250823974609e+00
9.859810471534729004e-01
1.052972078323364258e+00
1.114497303962707520e+00
1.062720656394958496e+00
1.058299064636230469e+00
9.272410869598388672e-01
1.034714698791503906e+00
1.107877731323242188e+00
9.653291106224060059e-01
1.085023164749145508e+00
1.093847274780273438e+00
1.159593820571899414e+00
1.088945984840393066e+00
1.092380523681640625e+00
1.098328590393066406e+00
1.133834719657897949e+00
1.147029399871826172e+00
1.146925091743469238e+00
1.126052498817443848e+00
1.092262983322143555e+00
1.060741424560546875e+00
1.025651335716247559e+00
1.062999725341796875e+00
1.120362997055053711e+00
1.088773488998413086e+00
1.048124790191650391e+00
9.937263727188110352e-01
1.019478201866149902e+00
1.110394239425659180e+00
1.086450338363647461e+00
1.153692245483398438e+00
1.164603590965270996e+00
1.125592947006225586e+00
1.124519824981689453e+00
1.114600896835327148e+00
1.117875337600708008e+00
1.077890872955322266e+00
1.038977146148681641e+00
1.064909577369689941e+00
9.757364392280578613e-01
1.035948038101196289e+00
9.864397644996643066e-01
1.116468906402587891e+00
1.072595357894897461e+00
1.010629415512084961e+00
1.004087805747985840e+00
1.076079845428466797e+00
1.013670802116394043e+00
1.002876996994018555e+00
9.819155931472778320e-01
1.028586387634277344e+00
1.010692834854125977e+00
9.800227284431457520e-01
1.008265733718872070e+00
1.027719736099243164e+00
1.001210212707519531e+00
1.048892021179199219e+00
1.095775246620178223e+00
1.010548472404479980e+00
9.851251244544982910e-01
1.035909414291381836e+00
9.288126826286315918e-01
1.039921522140502930e+00
1.042764902114868164e+00
1.069050431251525879e+00
1.058204889297485352e+00
1.013107299804687500e+00
1.023055195808410645e+00
1.041068792343139648e+00
1.083157896995544434e+00
1.014419436454772949e+00
1.024865150451660156e+00
1.040895462036132812e+00
1.102006196975708008e+00
1.007494449615478516e+00
1.055999994277954102e+00
1.065176010131835938e+00
1.073212981224060059e+00
1.072695493698120117e+00
1.113782048225402832e+00
1.028152585029602051e+00
9.792531728744506836e-01
1.020221233367919922e+00
1.001009345054626465e+00
1.090689778327941895e+00
1.056642293930053711e+00
9.919089674949645996e-01
9.949155449867248535e-01
9.783814549446105957e-01
9.988811612129211426e-01
1.039539575576782227e+00
1.043099880218505859e+00
1.007255077362060547e+00
9.488462805747985840e-01
1.023829102516174316e+00
9.778769016265869141e-01
1.039659261703491211e+00
1.048603296279907227e+00
1.152531147003173828e+00
1.173880338668823242e+00
1.017069816589355469e+00
1.031189918518066406e+00
1.013924121856689453e+00
1.105984807014465332e+00
1.167330026626586914e+00
1.128744959831237793e+00
9.492725729942321777e-01
9.961293935775756836e-01
1.121942520141601562e+00
1.131686925888061523e+00
1.188092231750488281e+00
1.196631908416748047e+00
1.249933719635009766e+00
1.320501565933227539e+00
1.266114830970764160e+00
1.233427762985229492e+00
1.238519906997680664e+00
1.022853851318359375e+00
9.981631040573120117e-01
1.021257638931274414e+00
1.035051822662353516e+00
1.033139705657958984e+00
9.906787872314453125e-01
1.052581071853637695e+00
1.033213853836059570e+00
1.016058921813964844e+00
1.001867055892944336e+00
9.867869615554809570e-01
1.050592660903930664e+00
1.090344429016113281e+00
1.024599790573120117e+00
1.177972078323364258e+00
1.010399103164672852e+00
1.171951770782470703e+00
1.069548010826110840e+00
1.016200304031372070e+00
1.250415444374084473e+00
1.379595518112182617e+00
1.367559790611267090e+00
1.212226510047912598e+00
1.228039145469665527e+00
1.226907014846801758e+00
1.141980171203613281e+00
1.065066337585449219e+00
1.050841569900512695e+00
1.183343410491943359e+00
1.153033375740051270e+00
1.105736732482910156e+00
1.075839757919311523e+00
1.059060573577880859e+00
1.093109965324401855e+00
1.087802052497863770e+00
1.177889943122863770e+00
1.164876580238342285e+00
1.368423938751220703e+00
1.231065988540649414e+00
1.263018608093261719e+00
1.357617378234863281e+00
1.300394296646118164e+00
1.341133594512939453e+00
1.410100221633911133e+00
1.368208765983581543e+00
1.463836312294006348e+00
1.462908864021301270e+00
1.493776440620422363e+00
1.407400608062744141e+00
1.458873152732849121e+00
1.450532555580139160e+00
1.450662970542907715e+00
1.428231120109558105e+00
1.593359112739562988e+00
1.599405288696289062e+00
1.521826505661010742e+00
1.163355350494384766e+00
1.512755274772644043e+00
1.385675907135009766e+00
1.196302056312561035e+00
2.704174816608428955e-01
2.919619679450988770e-01
7.206752896308898926e-01
4.484661519527435303e-01
1.105421543121337891e+00
1.570240139961242676e+00
3.441207408905029297e-01
5.471498966217041016e-01
4.095854759216308594e-01
6.991031169891357422e-01
3.869306147098541260e-01
4.099083542823791504e-01
8.332748413085937500e-01
8.613921403884887695e-01
6.969228982925415039e-01
9.676539301872253418e-01
7.357158064842224121e-01
1.128345012664794922e+00
2.970477640628814697e-01
4.521076977252960205e-01
7.622333168983459473e-01
3.763242661952972412e-01
6.577754616737365723e-01
1.097213506698608398e+00
1.507097363471984863e+00
4.888443350791931152e-01
7.886395454406738281e-01
3.322634100914001465e-01
7.926734685897827148e-01
9.261017441749572754e-01
1.376659154891967773e+00
3.516372442245483398e-01
7.838894724845886230e-01
1.144106149673461914e+00
9.101568460464477539e-01
6.476897001266479492e-01
3.189559578895568848e-01
7.091958522796630859e-01
1.253401637077331543e+00
3.640061616897583008e-01
8.512980341911315918e-01
5.002359151840209961e-01
4.051331579685211182e-01
8.161746859550476074e-01
1.100245356559753418e+00
3.995102941989898682e-01
6.036093831062316895e-01
1.111150741577148438e+00
3.310627639293670654e-01
5.230488181114196777e-01
7.819588184356689453e-01
6.872584819793701172e-01
6.851142048835754395e-01
3.235363364219665527e-01
5.916147232055664062e-01
8.213071823120117188e-01
1.611106276512145996e+00
1.525797724723815918e+00
2.824585735797882080e-01
7.905298471450805664e-01
4.590843319892883301e-01
6.697063446044921875e-01
1.460084795951843262e+00
5.304224491119384766e-01
1.063071012496948242e+00
3.295712769031524658e-01
9.605166316032409668e-01
1.420359373092651367e+00
3.199311494827270508e-01
1.128078222274780273e+00
6.416878700256347656e-01
6.635584235191345215e-01
8.100759983062744141e-01
5.555429458618164062e-01
7.627078890800476074e-01
7.358038425445556641e-01
4.558199346065521240e-01
8.884214758872985840e-01
1.374319076538085938e+00
3.135908246040344238e-01
3.575946092605590820e-01
8.953290581703186035e-01
7.836373448371887207e-01
8.179134130477905273e-01
8.144541978836059570e-01
1.372989177703857422e+00
1.588289737701416016e+00
3.006907701492309570e-01
6.295583844184875488e-01
5.302974581718444824e-01
6.516618728637695312e-01
1.132777690887451172e+00
2.987258136272430420e-01
3.391859531402587891e-01
9.137154817581176758e-01
2.910130918025970459e-01
6.336891651153564453e-01
1.559168815612792969e+00
3.092981874942779541e-01
5.671892166137695312e-01
6.601688861846923828e-01
8.677067756652832031e-01
1.357592344284057617e+00
1.182534217834472656e+00
1.183871746063232422e+00
1.645559430122375488e+00
3.285492658615112305e-01
6.956666111946105957e-01
1.205759525299072266e+00
3.144240975379943848e-01
7.941399216651916504e-01
1.065867662429809570e+00
1.574906349182128906e+00
3.055852651596069336e-01
7.181206941604614258e-01
1.099332332611083984e+00
1.427523016929626465e+00
3.339961469173431396e-01
4.409548044204711914e-01
1.487682580947875977e+00
3.189498782157897949e-01
6.004788279533386230e-01
1.139643788337707520e+00
4.266158342361450195e-01
4.596754014492034912e-01
8.771036863327026367e-01
5.807759165763854980e-01
1.251809835433959961e+00
2.982961535453796387e-01
5.976939797401428223e-01
1.219388961791992188e+00
1.620171308517456055e+00
3.424314558506011963e-01
9.330192804336547852e-01
5.501840114593505859e-01
5.874733924865722656e-01
4.888129532337188721e-01
8.637444972991943359e-01
8.294672369956970215e-01
1.391609072685241699e+00
1.109707236289978027e+00
3.307631909847259521e-01
7.136607170104980469e-01
1.126545429229736328e+00
1.081920623779296875e+00
3.590065240859985352e-01
5.552525520324707031e-01
3.257434070110321045e-01
6.309046149253845215e-01
7.778622508049011230e-01
8.848384022712707520e-01
3.512507677078247070e-01
7.679441571235656738e-01
1.219253301620483398e+00
1.408713221549987793e+00
1.074196815490722656e+00
5.455700159072875977e-01
8.841801285743713379e-01
9.798603057861328125e-01
1.443372249603271484e+00
1.393904209136962891e+00
3.947779238224029541e-01
6.221589446067810059e-01
1.233551263809204102e+00
9.475438594818115234e-01
7.344628572463989258e-01
1.127182483673095703e+00
6.831627488136291504e-01
3.375226259231567383e-01
9.298151135444641113e-01
7.964223623275756836e-01
1.416304349899291992e+00
3.946802914142608643e-01
6.632614135742187500e-01
1.074584722518920898e+00
1.387431979179382324e+00
3.124073147773742676e-01
9.597474932670593262e-01
9.019525051116943359e-01
1.267013192176818848e+00
1.131402015686035156e+00
4.416600763797760010e-01
8.701744675636291504e-01
1.134032726287841797e+00
1.297325849533081055e+00
8.824694156646728516e-01
1.155428647994995117e+00
1.183632254600524902e+00
3.233304023742675781e-01
4.493505060672760010e-01
6.617026329040527344e-01
8.931387662887573242e-01
3.224228918552398682e-01
9.882727265357971191e-01
5.919488668441772461e-01
8.620379567146301270e-01
1.272012591361999512e+00
1.558144092559814453e+00
1.237474799156188965e+00
3.370732367038726807e-01
1.026853442192077637e+00
3.062864243984222412e-01
7.053005099296569824e-01
1.078515410423278809e+00
1.164087176322937012e+00
1.272984743118286133e+00
1.172671556472778320e+00
1.445153236389160156e+00
1.434667229652404785e+00
3.225483298301696777e-01
8.366378545761108398e-01
6.355070471763610840e-01
1.133640885353088379e+00
1.149704337120056152e+00
6.342264413833618164e-01
1.199529647827148438e+00
1.384415388107299805e+00
7.370476126670837402e-01
3.288546502590179443e-01
3.080350458621978760e-01
1.026327490806579590e+00
2.787436544895172119e-01
2.989303171634674072e-01
3.233206570148468018e-01
6.497121453285217285e-01
8.442248702049255371e-01
7.804915308952331543e-01
7.276478409767150879e-01
6.621928215026855469e-01
1.328860163688659668e+00
3.268351554870605469e-01
3.669469356536865234e-01
1.318322539329528809e+00
1.165986657142639160e+00
1.571021199226379395e+00
1.705413579940795898e+00
9.263204336166381836e-01
1.395165205001831055e+00
1.119047284126281738e+00
1.227348327636718750e+00
1.028949260711669922e+00
1.180412650108337402e+00
1.042281508445739746e+00
1.162896037101745605e+00
1.150654554367065430e+00
1.467800974845886230e+00
1.278688669204711914e+00
1.305171966552734375e+00
1.542114973068237305e+00
6.402714848518371582e-01
6.147156953811645508e-01
6.885129213333129883e-01
6.576834321022033691e-01
8.589383363723754883e-01
1.168144583702087402e+00
1.326266646385192871e+00
1.445226073265075684e+00
1.494613885879516602e+00
4.832075238227844238e-01
7.205085754394531250e-01
1.405432939529418945e+00
1.125937819480895996e+00
8.002192378044128418e-01
1.045896291732788086e+00
1.383102893829345703e+00
1.571599125862121582e+00
3.028408586978912354e-01
5.502322316169738770e-01
8.369974493980407715e-01
6.795134544372558594e-01
1.075097441673278809e+00
1.089349389076232910e+00
3.088563382625579834e-01
1.006926298141479492e+00
1.026076555252075195e+00
1.078178524971008301e+00
3.124715089797973633e-01
8.360543251037597656e-01
1.114944934844970703e+00
1.496894836425781250e+00
3.207367658615112305e-01
3.474625051021575928e-01
9.840654730796813965e-01
1.418746352195739746e+00
1.157785892486572266e+00
1.451263308525085449e+00
3.308173418045043945e-01
8.939663171768188477e-01
3.614391982555389404e-01
9.120184183120727539e-01
6.222770810127258301e-01
3.311111927032470703e-01
7.251248359680175781e-01
1.043420076370239258e+00
8.959259390830993652e-01
3.331561982631683350e-01
5.668945908546447754e-01
5.061240792274475098e-01
1.138814687728881836e+00
9.258125424385070801e-01
1.375014543533325195e+00
6.783478260040283203e-01
1.412924408912658691e+00
3.087514042854309082e-01
7.445614337921142578e-01
7.539262175559997559e-01
3.033443093299865723e-01
4.937534928321838379e-01
1.395118117332458496e+00
8.991233706474304199e-01
4.976381957530975342e-01
6.109415888786315918e-01
9.302029013633728027e-01
7.279484272003173828e-01
5.826802849769592285e-01
3.076809644699096680e-01
4.672746062278747559e-01
5.805778503417968750e-01
1.617645978927612305e+00
1.229759931564331055e+00
1.458295226097106934e+00
8.037362694740295410e-01
8.432411551475524902e-01
2.995381057262420654e-01
3.976150453090667725e-01
1.052703499794006348e+00
1.371008634567260742e+00
1.136050820350646973e+00
7.624328136444091797e-01
1.134593844413757324e+00
3.398039937019348145e-01
7.310134768486022949e-01
4.945953190326690674e-01
5.863702297210693359e-01
1.058407306671142578e+00
6.787611246109008789e-01
1.382452011108398438e+00
1.351036787033081055e+00
1.378290176391601562e+00
1.562755703926086426e+00
1.326868295669555664e+00
1.368012428283691406e+00
1.410912036895751953e+00
1.332164645195007324e+00
1.184697151184082031e+00
9.921230673789978027e-01
1.288175821304321289e+00
6.699564456939697266e-01
6.318105459213256836e-01
1.180341958999633789e+00
1.086853146553039551e+00
1.254688501358032227e+00
3.523526191711425781e-01
7.779169082641601562e-01
1.056662559509277344e+00
1.281529426574707031e+00
1.481064558029174805e+00
1.431824684143066406e+00
1.441874265670776367e+00
1.414297103881835938e+00
1.314434409141540527e+00
7.977222204208374023e-01
1.126822471618652344e+00
6.825642585754394531e-01
1.263469696044921875e+00
9.641301035881042480e-01
1.070751428604125977e+00
1.422026395797729492e+00
1.154959082603454590e+00
1.411096692085266113e+00
1.195433139801025391e+00
1.214519739151000977e+00
6.023558378219604492e-01
8.809489607810974121e-01
5.338076353073120117e-01
1.149087071418762207e+00
9.573699831962585449e-01
1.652042746543884277e+00
1.413760423660278320e+00
1.411106944084167480e+00
1.482957482337951660e+00
1.420280337333679199e+00
1.369418978691101074e+00
3.075587153434753418e-01
8.638498187065124512e-01
1.381921648979187012e+00
3.124234378337860107e-01
3.094107508659362793e-01
7.364886403083801270e-01
1.119057655334472656e+00
9.042240977287292480e-01
1.222429752349853516e+00
1.390758752822875977e+00
7.431899309158325195e-01
1.631036400794982910e+00
1.270595312118530273e+00
3.343090713024139404e-01
6.866209506988525391e-01
1.174599289894104004e+00
1.531842827796936035e+00
1.316984653472900391e+00
2.762314677238464355e-01
5.251985192298889160e-01
8.878295421600341797e-01
4.592321515083312988e-01
1.246335506439208984e+00
1.580521583557128906e+00
6.360580325126647949e-01
1.598734736442565918e+00
1.396304845809936523e+00
1.639832139015197754e+00
9.319589734077453613e-01
5.697714090347290039e-01
8.255035281181335449e-01
1.110073566436767578e+00
1.610800385475158691e+00
8.747990131378173828e-01
1.477767825126647949e+00
1.577435970306396484e+00
1.628000855445861816e+00
7.962836027145385742e-01
6.956939101219177246e-01
9.291325807571411133e-01
1.059303760528564453e+00
7.048405408859252930e-01
1.070718646049499512e+00
9.238080978393554688e-01
1.490286111831665039e+00
8.641618490219116211e-01
6.078634262084960938e-01
3.224810063838958740e-01
3.179799616336822510e-01
1.022472858428955078e+00
6.027694344520568848e-01
4.007047712802886963e-01
1.363701939582824707e+00
5.391921997070312500e-01
2.889194786548614502e-01
1.506959199905395508e+00
1.619657516479492188e+00
1.529151678085327148e+00
1.175700902938842773e+00
1.313149690628051758e+00
6.664323210716247559e-01
1.038039207458496094e+00
1.182454586029052734e+00
1.153811931610107422e+00
1.194881319999694824e+00
1.255186557769775391e+00
1.414691209793090820e+00
1.333339691162109375e+00
1.408011317253112793e+00
1.315047979354858398e+00
1.311479210853576660e+00
1.306690931320190430e+00
1.246849179267883301e+00
1.195140123367309570e+00
1.157009840011596680e+00
1.351193189620971680e+00
1.264347076416015625e+00
1.259855270385742188e+00
1.310961246490478516e+00
1.254854917526245117e+00
1.285998344421386719e+00
1.379403352737426758e+00
1.338482260704040527e+00
1.401955008506774902e+00
1.318368196487426758e+00
3.146158456802368164e-01
1.414674520492553711e+00
7.990045547485351562e-01
1.101175308227539062e+00
1.745060801506042480e+00
1.624359488487243652e+00
1.634156107902526855e+00
1.500327110290527344e+00
7.926166653633117676e-01
9.179030060768127441e-01
1.044095993041992188e+00
1.074236154556274414e+00
1.762519598007202148e+00
1.708435654640197754e+00
7.128418684005737305e-01
1.132320642471313477e+00
1.107204437255859375e+00
1.105639100074768066e+00
1.129209876060485840e+00
1.098136663436889648e+00
1.154499411582946777e+00
1.168439030647277832e+00
1.136430859565734863e+00
1.125081062316894531e+00
1.056389927864074707e+00
1.583214044570922852e+00
1.520506024360656738e+00
1.553488492965698242e+00
1.603100180625915527e+00
1.535376310348510742e+00
1.597455978393554688e+00
1.576322197914123535e+00
1.305519819259643555e+00
9.860625863075256348e-01
1.066455364227294922e+00
1.059313535690307617e+00
1.133901476860046387e+00
1.250757217407226562e+00
1.027798891067504883e+00
1.008057832717895508e+00
1.004232168197631836e+00
1.271283984184265137e+00
1.135519266128540039e+00
1.111478328704833984e+00
1.255724191665649414e+00
1.374054789543151855e+00
1.291483283042907715e+00
1.229093194007873535e+00
1.120414137840270996e+00
1.392321586608886719e+00
1.389558553695678711e+00
1.363077998161315918e+00
1.419813513755798340e+00
1.403602719306945801e+00
1.452242732048034668e+00
1.336061716079711914e+00
1.373432517051696777e+00
1.211754560470581055e+00
1.238867759704589844e+00
1.165364980697631836e+00
1.204987525939941406e+00
1.221409559249877930e+00
1.246629357337951660e+00
1.270140886306762695e+00
1.359234094619750977e+00
1.267883777618408203e+00
1.233272552490234375e+00
1.322199463844299316e+00
1.357301235198974609e+00
1.368856906890869141e+00
1.379398107528686523e+00
1.486439943313598633e+00
1.405181169509887695e+00
1.472685933113098145e+00
1.533187508583068848e+00
1.455430865287780762e+00
1.466465234756469727e+00
1.568256258964538574e+00
1.526671648025512695e+00
1.494817495346069336e+00
1.356716871261596680e+00
1.406464695930480957e+00
1.440132021903991699e+00
1.483018517494201660e+00
1.490482091903686523e+00
1.477305412292480469e+00
3.110525906085968018e-01
1.411407589912414551e+00
1.629737734794616699e+00
7.763769030570983887e-01
1.645210385322570801e+00
1.074333548545837402e+00
1.055492639541625977e+00
1.759571552276611328e+00
9.586414694786071777e-01
1.126035690307617188e+00
1.126549601554870605e+00
1.123645782470703125e+00
1.650154113769531250e+00
1.647658467292785645e+00
7.197418808937072754e-01
1.002305269241333008e+00
1.668297290802001953e+00
1.544218420982360840e+00
1.612726569175720215e+00
1.016675472259521484e+00
1.078512191772460938e+00
1.110167980194091797e+00
1.002801418304443359e+00
9.447801709175109863e-01
9.930575489997863770e-01
1.138109445571899414e+00
1.179749846458435059e+00
1.129891514778137207e+00
1.100821256637573242e+00
1.183528184890747070e+00
1.182994842529296875e+00
1.192173242568969727e+00
1.277509093284606934e+00
1.321290016174316406e+00
1.363372087478637695e+00
1.324401140213012695e+00
1.360901474952697754e+00
1.359112501144409180e+00
1.388311743736267090e+00
1.374751567840576172e+00
1.382015705108642578e+00
1.237488031387329102e+00
1.264023065567016602e+00
1.308776974678039551e+00
1.274104952812194824e+00
1.364086985588073730e+00
1.447576403617858887e+00
1.443380951881408691e+00
1.387578368186950684e+00
1.465378165245056152e+00
1.109772205352783203e+00
1.267858624458312988e+00
1.485096454620361328e+00
1.479368925094604492e+00
3.307881355285644531e-01
1.500442028045654297e+00
1.422599196434020996e+00
1.664412617683410645e+00
8.794943094253540039e-01
1.022682905197143555e+00
1.110152006149291992e+00
1.119890332221984863e+00
1.153255581855773926e+00
1.136092901229858398e+00
1.116230964660644531e+00
1.129901647567749023e+00
1.121314525604248047e+00
1.086667418479919434e+00
9.698845744132995605e-01
1.120005726814270020e+00
1.095740556716918945e+00
1.108461141586303711e+00
1.107075214385986328e+00
1.099506139755249023e+00
1.445129752159118652e+00
1.125483036041259766e+00
1.141190886497497559e+00
1.136091828346252441e+00
1.095476865768432617e+00
1.077050089836120605e+00
1.063696861267089844e+00
1.085932970046997070e+00
1.100957155227661133e+00
1.113333106040954590e+00
1.126399278640747070e+00
5.480564832687377930e-01
7.419691681861877441e-01
1.033250331878662109e+00
1.076300859451293945e+00
1.068384885787963867e+00
8.378219008445739746e-01
1.203696727752685547e+00
1.098231554031372070e+00
1.138891220092773438e+00
1.188239336013793945e+00
3.487161099910736084e-01
1.455437541007995605e+00
1.488860249519348145e+00
3.072600960731506348e-01
2.901905775070190430e-01
1.506620407104492188e+00
1.600493788719177246e+00
1.598466396331787109e+00
6.831419467926025391e-01
1.861810326576232910e+00
1.675292730331420898e+00
1.610358595848083496e+00
1.625047564506530762e+00
1.634524226188659668e+00
1.552382349967956543e+00
1.470475912094116211e+00
9.546083211898803711e-01
1.187099575996398926e+00
1.293791055679321289e+00
1.170161128044128418e+00
1.328305721282958984e+00
1.363072395324707031e+00
1.281377911567687988e+00
1.317579746246337891e+00
1.289388656616210938e+00
1.354758501052856445e+00
1.358760476112365723e+00
1.617634177207946777e+00
3.141160011291503906e-01
3.335156142711639404e-01
2.860973477363586426e-01
1.582636237144470215e+00
6.857235431671142578e-01
5.494063496589660645e-01
8.969380855560302734e-01
1.083134293556213379e+00
1.101393461227416992e+00
1.147790431976318359e+00
1.181258559226989746e+00
1.095351934432983398e+00
1.124043226242065430e+00
1.048904299736022949e+00
1.042365074157714844e+00
1.129747748374938965e+00
1.137151360511779785e+00
1.112357974052429199e+00
1.139308214187622070e+00
1.107658267021179199e+00
1.191846013069152832e+00
1.665359497070312500e+00
1.573367357254028320e+00
1.509128928184509277e+00
1.610024213790893555e+00
1.610985159873962402e+00
9.084475040435791016e-01
1.127342343330383301e+00
1.112067461013793945e+00
1.126711130142211914e+00
1.124464154243469238e+00
1.430995583534240723e+00
8.932834267616271973e-01
1.027714490890502930e+00
1.034066200256347656e+00
1.091192126274108887e+00
1.100243926048278809e+00
1.169971466064453125e+00
1.098971009254455566e+00
1.069772720336914062e+00
1.095334768295288086e+00
1.085321784019470215e+00
1.156610369682312012e+00
1.141445279121398926e+00
1.133360743522644043e+00
1.087744712829589844e+00
1.085548639297485352e+00
1.111515402793884277e+00
1.148354291915893555e+00
1.145001530647277832e+00
1.133757710456848145e+00
1.135767698287963867e+00
1.153398275375366211e+00
1.018149018287658691e+00
1.149302005767822266e+00
1.027698397636413574e+00
1.023149967193603516e+00
1.171515226364135742e+00
1.214592218399047852e+00
1.136127710342407227e+00
1.088199615478515625e+00
1.099549651145935059e+00
1.117091894149780273e+00
1.115859627723693848e+00
1.117095708847045898e+00
1.134913444519042969e+00
1.620996594429016113e+00
8.086454272270202637e-01
5.035421252250671387e-01
8.537280559539794922e-01
9.070808291435241699e-01
1.078488349914550781e+00
1.151640772819519043e+00
1.185446381568908691e+00
1.143826961517333984e+00
1.140160560607910156e+00
1.307702422142028809e+00
1.767536044120788574e+00
9.086137413978576660e-01
1.064708352088928223e+00
1.442237138748168945e+00
1.621142506599426270e+00
1.609990477561950684e+00
1.593231916427612305e+00
3.206218183040618896e-01
1.418096065521240234e+00
3.052943050861358643e-01
2.935650646686553955e-01
3.377910554409027100e-01
1.508249282836914062e+00
1.710541248321533203e+00
1.430779218673706055e+00
1.557391405105590820e+00
1.697616219520568848e+00
1.609374046325683594e+00
1.749867677688598633e+00
1.522000908851623535e+00
1.345101594924926758e+00
1.204475641250610352e+00
1.303134441375732422e+00
9.351019859313964844e-01
1.365882635116577148e+00
1.051829099655151367e+00
1.615013360977172852e+00
1.219529867172241211e+00
1.088559746742248535e+00
9.944993853569030762e-01
1.170562386512756348e+00
1.155980825424194336e+00
1.326901078224182129e+00
1.272463083267211914e+00
1.115096330642700195e+00
1.160586118698120117e+00
1.126190423965454102e+00
1.216434121131896973e+00
1.491188645362854004e+00
1.032475471496582031e+00
1.104271173477172852e+00
1.058118700981140137e+00
1.630800485610961914e+00
1.572547674179077148e+00
1.694815278053283691e+00
9.036532044410705566e-01
1.002968788146972656e+00
1.079402446746826172e+00
1.182657480239868164e+00
1.719692587852478027e+00
1.610973954200744629e+00
1.583260774612426758e+00
1.558072566986083984e+00
1.018709301948547363e+00
1.033839225769042969e+00
1.149180293083190918e+00
1.197980999946594238e+00
1.319169044494628906e+00
1.302779078483581543e+00
1.319418907165527344e+00
1.163304567337036133e+00
1.241449713706970215e+00
1.308597803115844727e+00
1.287509202957153320e+00
1.517296671867370605e+00
1.096859693527221680e+00
1.159563779830932617e+00
1.005313634872436523e+00
9.626944661140441895e-01
9.790310859680175781e-01
1.006845712661743164e+00
1.048686027526855469e+00
1.058823704719543457e+00
1.054147839546203613e+00
1.053213357925415039e+00
1.050921916961669922e+00
1.092058420181274414e+00
1.311445116996765137e+00
1.336146593093872070e+00
1.219148039817810059e+00
1.500230431556701660e+00
1.452508807182312012e+00
1.390091061592102051e+00
1.329618692398071289e+00
1.224642515182495117e+00
1.243722796440124512e+00
1.334527850151062012e+00
1.119832038879394531e+00
1.248533010482788086e+00
1.320231199264526367e+00
1.358341932296752930e+00
1.400630116462707520e+00
1.437194824218750000e+00
1.424253344535827637e+00
1.470901966094970703e+00
1.386039257049560547e+00
1.171690464019775391e+00
3.114150166511535645e-01
1.573126196861267090e+00
1.523671030998229980e+00
1.139055252075195312e+00
1.329599380493164062e+00
1.169289827346801758e+00
1.430006861686706543e+00
1.184326291084289551e+00
1.299017429351806641e+00
7.581912279129028320e-01
1.167457342147827148e+00
1.154898762702941895e+00
1.491603136062622070e+00
9.306818246841430664e-01
1.050647974014282227e+00
1.165679574012756348e+00
1.183771371841430664e+00
1.190556168556213379e+00
1.564014196395874023e+00
1.265228629112243652e+00
1.183879375457763672e+00
1.139195084571838379e+00
1.183882713317871094e+00
1.225666403770446777e+00
1.186115384101867676e+00
1.281968355178833008e+00
1.259826421737670898e+00
1.125137925148010254e+00
1.380845069885253906e+00
1.283891916275024414e+00
1.588301539421081543e+00
1.750498533248901367e+00
1.210889816284179688e+00
1.228279829025268555e+00
2.994867861270904541e-01
1.578619241714477539e+00
1.321793317794799805e+00
3.354376852512359619e-01
3.222486674785614014e-01
1.659841775894165039e+00
1.272776961326599121e+00
1.282867550849914551e+00
1.146739482879638672e+00
1.277495145797729492e+00
3.046300709247589111e-01
1.381927013397216797e+00
1.335739493370056152e+00
3.019516170024871826e-01
1.537070155143737793e+00
1.640816211700439453e+00
1.642824769020080566e+00
1.650152564048767090e+00
1.338029265403747559e+00
1.213166236877441406e+00
1.121588706970214844e+00
1.632623791694641113e+00
1.568083286285400391e+00
1.153656363487243652e+00
8.050323724746704102e-01
1.029115200042724609e+00
1.417270541191101074e+00
1.658216476440429688e+00
1.663318514823913574e+00
1.452484846115112305e+00
1.415994405746459961e+00
1.346847295761108398e+00
1.294211149215698242e+00
1.317638516426086426e+00
1.317273378372192383e+00
1.356608629226684570e+00
1.304625511169433594e+00
1.289480090141296387e+00
1.304169058799743652e+00
1.373999714851379395e+00
1.209774732589721680e+00
1.337675929069519043e+00
1.318991422653198242e+00
1.318146586418151855e+00
1.093402266502380371e+00
2.946178913116455078e-01
2.994934618473052979e-01
1.181814670562744141e+00
1.706021785736083984e+00
1.094540476799011230e+00
9.453514218330383301e-01
3.098491132259368896e-01
5.274049043655395508e-01
1.537659406661987305e+00
1.341442823410034180e+00
1.643766880035400391e+00
1.388780355453491211e+00
1.315226674079895020e+00
1.296134710311889648e+00
1.734329462051391602e+00
1.011310935020446777e+00
1.316071033477783203e+00
1.100404024124145508e+00
1.254536867141723633e+00
1.215601801872253418e+00
1.619828701019287109e+00
1.292931556701660156e+00
1.570665836334228516e+00
1.576229214668273926e+00
1.162528991699218750e+00
1.340613842010498047e+00
1.287257909774780273e+00
1.642436385154724121e+00
1.021337032318115234e+00
1.641285896301269531e+00
1.010536670684814453e+00
1.619620919227600098e+00
1.326559901237487793e+00
1.226681232452392578e+00
1.222820758819580078e+00
1.114510536193847656e+00
1.671007633209228516e+00
1.175526976585388184e+00
1.149946928024291992e+00
7.098218798637390137e-01
1.787841677665710449e+00
1.354890346527099609e+00
1.400215744972229004e+00
1.679124951362609863e+00
1.360260128974914551e+00
1.357294082641601562e+00
1.610235929489135742e+00
1.687232017517089844e+00
1.636174201965332031e+00
8.782781362533569336e-01
1.054773569107055664e+00
1.620135188102722168e+00
1.228472113609313965e+00
1.669810533523559570e+00
1.303602218627929688e+00
1.331159114837646484e+00
1.174185156822204590e+00
1.353775382041931152e+00
1.334480166435241699e+00
1.653962731361389160e+00
1.089747190475463867e+00
9.879374504089355469e-01
3.353121876716613770e-01
1.609926819801330566e+00
8.493788242340087891e-01
1.453619360923767090e+00
1.445569634437561035e+00
3.115560114383697510e-01
1.176194071769714355e+00
1.532373666763305664e+00
1.116779565811157227e+00
1.246960520744323730e+00
1.726084113121032715e+00
1.288549661636352539e+00
1.651938557624816895e+00
1.280602574348449707e+00
1.288571357727050781e+00
1.224921703338623047e+00
1.242182970046997070e+00
1.112412214279174805e+00
1.371058106422424316e+00
1.607068181037902832e+00
1.618784308433532715e+00
3.358759582042694092e-01
1.413384795188903809e+00
1.471274375915527344e+00
3.233026564121246338e-01
1.618242383003234863e+00
1.703211545944213867e+00
1.737347722053527832e+00
1.213779926300048828e+00
1.324449419975280762e+00
1.564698457717895508e+00
7.267854213714599609e-01
1.257733821868896484e+00
1.556792736053466797e+00
1.527796626091003418e+00
8.676247000694274902e-01
1.366549968719482422e+00
8.999460935592651367e-01
1.450042486190795898e+00
8.965489268302917480e-01
1.670370459556579590e+00
9.189966320991516113e-01
1.597989201545715332e+00
1.617568612098693848e+00
1.539092898368835449e+00
1.605366230010986328e+00
1.616375565528869629e+00
8.042266964912414551e-01
1.694429874420166016e+00
1.630869388580322266e+00
1.368967175483703613e+00
1.120244503021240234e+00
1.138302564620971680e+00
1.835711002349853516e+00
1.624276876449584961e+00
1.467806339263916016e+00
1.087593078613281250e+00
1.626969695091247559e+00
1.735064864158630371e+00
1.806469202041625977e+00
1.652680397033691406e+00
1.402081847190856934e+00
1.589485049247741699e+00
9.390875697135925293e-01
8.827185630798339844e-01
1.628427386283874512e+00
1.670711636543273926e+00
6.559472680091857910e-01
1.011844515800476074e+00
1.793248176574707031e+00
8.878722786903381348e-01
1.068306207656860352e+00
1.247060179710388184e+00
1.077440500259399414e+00
9.981071352958679199e-01
1.618079066276550293e+00
1.648756623268127441e+00
1.721087694168090820e+00
7.046324610710144043e-01
7.079665064811706543e-01
9.823575615882873535e-01
9.651878476142883301e-01
1.690947890281677246e+00
1.372107028961181641e+00
1.422832131385803223e+00
1.762233614921569824e+00
8.331198096275329590e-01
1.648477435111999512e+00
1.575813651084899902e+00
1.609412193298339844e+00
1.462690472602844238e+00
8.765598535537719727e-01
1.059027075767517090e+00
1.108187198638916016e+00
1.670350074768066406e+00
1.602471470832824707e+00
3.252090215682983398e-01
1.599381923675537109e+00
1.479408621788024902e+00
6.143398880958557129e-01
1.532700300216674805e+00
1.627767562866210938e+00
1.381622552871704102e+00
8.780865669250488281e-01
1.162079811096191406e+00
1.294643521308898926e+00
1.528378725051879883e+00
9.148745536804199219e-01
1.342666149139404297e+00
1.555517435073852539e+00
1.568791270256042480e+00
1.638188838958740234e+00
1.227663516998291016e+00
1.650578022003173828e+00
1.075676918029785156e+00
1.009349465370178223e+00
9.321258664131164551e-01
1.115917086601257324e+00
1.336700558662414551e+00
1.648922324180603027e+00
9.843972921371459961e-01
1.431020379066467285e+00
1.229810476303100586e+00
1.405695796012878418e+00
1.102776765823364258e+00
1.148800253868103027e+00
1.139815092086791992e+00
1.754576444625854492e+00
1.011641502380371094e+00
1.181013345718383789e+00
1.703293800354003906e+00
1.318918704986572266e+00
1.662111043930053711e+00
9.827916622161865234e-01
1.004667520523071289e+00
1.552539229393005371e+00
1.638900637626647949e+00
1.645167350769042969e+00
8.696724176406860352e-01
1.798992633819580078e+00
8.013705015182495117e-01
1.660980224609375000e+00
1.039961576461791992e+00
1.235233306884765625e+00
1.678176760673522949e+00
1.692736387252807617e+00
1.009584665298461914e+00
1.805088281631469727e+00
1.701298475265502930e+00
1.728522181510925293e+00
1.090901255607604980e+00
1.572686791419982910e+00
9.096346497535705566e-01
1.423012018203735352e+00
1.569771051406860352e+00
1.555292010307312012e+00
1.638979315757751465e+00
1.768238425254821777e+00
1.304746985435485840e+00
1.657625317573547363e+00
1.895821332931518555e+00
1.360222816467285156e+00
1.448801517486572266e+00
1.618502259254455566e+00
1.097771406173706055e+00
1.118638038635253906e+00
1.617832541465759277e+00
1.587727785110473633e+00
1.074345707893371582e+00
1.490079760551452637e+00
1.500894069671630859e+00
1.673115253448486328e+00
9.833135604858398438e-01
1.506212949752807617e+00
5.926191210746765137e-01
1.505280137062072754e+00
1.569933414459228516e+00
7.650511264801025391e-01
1.696465730667114258e+00
8.560312390327453613e-01
1.684231638908386230e+00
1.225096225738525391e+00
1.778909325599670410e+00
8.984717726707458496e-01
1.485674619674682617e+00
1.632740020751953125e+00
7.849700450897216797e-01
1.493278741836547852e+00
1.666955590248107910e+00
1.146355867385864258e+00
1.769897937774658203e+00
1.008646726608276367e+00
1.691917777061462402e+00
9.976793527603149414e-01
1.141904830932617188e+00
1.644804954528808594e+00
1.644840121269226074e+00
1.409920692443847656e+00
1.660295724868774414e+00
1.647024750709533691e+00
1.634050011634826660e+00
1.504585266113281250e+00
9.872355461120605469e-01
1.680900692939758301e+00
1.219998240470886230e+00
1.671739697456359863e+00
1.720617055892944336e+00
1.126570343971252441e+00
1.125137090682983398e+00
1.655658364295959473e+00
1.207274794578552246e+00
1.376926064491271973e+00
1.219500064849853516e+00
1.223606824874877930e+00
1.542708158493041992e+00
1.696310162544250488e+00
1.025205373764038086e+00
1.774211168289184570e+00
1.588706254959106445e+00
1.018412113189697266e+00
1.165925979614257812e+00
1.599124908447265625e+00
1.602046370506286621e+00
1.502094030380249023e+00
9.587579369544982910e-01
1.044107198715209961e+00
1.646372199058532715e+00
9.978109598159790039e-01
1.259619832038879395e+00
1.621278405189514160e+00
1.271066784858703613e+00
6.666754484176635742e-01
1.500072002410888672e+00
1.447402954101562500e+00
1.404792904853820801e+00
1.290135860443115234e+00
1.607692360877990723e+00
1.097365498542785645e+00
1.448430418968200684e+00
1.638768076896667480e+00
1.715713739395141602e+00
1.599036574363708496e+00
1.577957153320312500e+00
1.812454462051391602e+00
1.401536107063293457e+00
1.112904548645019531e+00
1.077845931053161621e+00
1.281383991241455078e+00
1.102375507354736328e+00
1.563502311706542969e+00
8.550396561622619629e-01
1.139999151229858398e+00
1.662190794944763184e+00
1.531702995300292969e+00
1.753330588340759277e+00
1.133163690567016602e+00
1.798586726188659668e+00
9.863921403884887695e-01
1.520952939987182617e+00
1.540546536445617676e+00
1.020594596862792969e+00
8.231670856475830078e-01
1.556963205337524414e+00
8.369333744049072266e-01
1.626988053321838379e+00
1.760603070259094238e+00
1.590533256530761719e+00
1.759770750999450684e+00
1.549039125442504883e+00
