1.222099065780639648e+00
1.210624456405639648e+00
1.660304307937622070e+00
3.169234395027160645e-01
1.640518665313720703e+00
1.705663442611694336e+00
1.484146833419799805e+00
1.657419800758361816e+00
1.507412195205688477e+00
1.644853711128234863e+00
1.497070074081420898e+00
3.773225843906402588e-01
1.575975894927978516e+00
1.614081501960754395e+00
1.449142456054687500e+00
1.543687939643859863e+00
1.553237795829772949e+00
1.647986173629760742e+00
1.653410434722900391e+00
1.225392818450927734e+00
1.376290321350097656e+00
1.573131084442138672e+00
1.375158190727233887e+00
1.588891029357910156e+00
1.616907954216003418e+00
1.661115407943725586e+00
1.668668389320373535e+00
1.066553115844726562e+00
1.596756696701049805e+00
1.484480977058410645e+00
1.160077810287475586e+00
1.229063987731933594e+00
1.271172881126403809e+00
8.117309808731079102e-01
1.201195716857910156e+00
1.421279907226562500e+00
1.638968348503112793e+00
3.151062130928039551e-01
3.327208757400512695e-01
8.860391378402709961e-01
1.150691866874694824e+00
3.008967638015747070e-01
5.353955030441284180e-01
1.000701785087585449e+00
1.571201086044311523e+00
1.624625921249389648e+00
1.147761225700378418e+00
1.127958059310913086e+00
1.049339771270751953e+00
1.049788475036621094e+00
1.163981199264526367e+00
1.641315817832946777e+00
1.563280940055847168e+00
1.625553846359252930e+00
8.586515188217163086e-01
1.094401121139526367e+00
1.136266469955444336e+00
1.245425105094909668e+00
1.203959465026855469e+00
1.194317579269409180e+00
1.130983114242553711e+00
1.126921415328979492e+00
1.053835153579711914e+00
1.087058067321777344e+00
1.133998751640319824e+00
1.153269410133361816e+00
1.065104246139526367e+00
1.040750026702880859e+00
1.090337157249450684e+00
9.820437431335449219e-01
1.036141395568847656e+00
1.014361619949340820e+00
1.041122198104858398e+00
1.034343957901000977e+00
1.011323571205139160e+00
1.050102114677429199e+00
1.049492359161376953e+00
1.121389627456665039e+00
1.095950841903686523e+00
1.091126203536987305e+00
1.084831118583679199e+00
1.074038267135620117e+00
1.139268517494201660e+00
1.093968629837036133e+00
1.120356082916259766e+00
1.182666420936584473e+00
1.140738844871520996e+00
1.143933892250061035e+00
1.159593224525451660e+00
1.120176553726196289e+00
1.132195353507995605e+00
1.134545207023620605e+00
1.219399809837341309e+00
8.632574677467346191e-01
1.212279319763183594e+00
1.689420700073242188e+00
1.525389075279235840e+00
1.664918303489685059e+00
1.363090515136718750e+00
1.496825098991394043e+00
1.419652223587036133e+00
1.298323512077331543e+00
1.174019575119018555e+00
1.610368013381958008e+00
1.635555863380432129e+00
7.960058450698852539e-01
1.414331078529357910e+00
2.998950481414794922e-01
4.771921634674072266e-01
9.461960792541503906e-01
1.403276801109313965e+00
1.391261458396911621e+00
1.506136655807495117e+00
1.147933006286621094e+00
1.131821393966674805e+00
1.155508279800415039e+00
1.168869972229003906e+00
1.215491414070129395e+00
1.322722911834716797e+00
1.669584989547729492e+00
3.336481153964996338e-01
3.852028548717498779e-01
9.359828829765319824e-01
9.793795347213745117e-01
1.077053785324096680e+00
1.610419154167175293e+00
1.649472594261169434e+00
1.228369235992431641e+00
1.644818186759948730e+00
1.403946757316589355e+00
1.691022515296936035e+00
1.621517896652221680e+00
1.543863177299499512e+00
1.573052525520324707e+00
1.646354794502258301e+00
1.519170165061950684e+00
1.160084843635559082e+00
1.160549640655517578e+00
1.222226023674011230e+00
1.102928876876831055e+00
1.168937563896179199e+00
1.136806488037109375e+00
1.112648487091064453e+00
1.073631405830383301e+00
1.079232692718505859e+00
1.023244619369506836e+00
1.107717394828796387e+00
1.066317796707153320e+00
1.109284877777099609e+00
1.100701570510864258e+00
1.147999525070190430e+00
1.107307314872741699e+00
1.185588121414184570e+00
1.292800426483154297e+00
1.424406051635742188e+00
1.603716611862182617e+00
1.460640788078308105e+00
1.692285656929016113e+00
8.927278518676757812e-01
1.014781236648559570e+00
1.160265684127807617e+00
1.196011066436767578e+00
1.099697828292846680e+00
1.088335275650024414e+00
1.107187747955322266e+00
1.028756856918334961e+00
1.070416927337646484e+00
1.066776275634765625e+00
1.053312540054321289e+00
1.048294305801391602e+00
1.065123796463012695e+00
1.077443480491638184e+00
1.069325208663940430e+00
1.053939342498779297e+00
1.053907871246337891e+00
1.041838526725769043e+00
1.031436562538146973e+00
1.033965349197387695e+00
1.084220767021179199e+00
1.111929416656494141e+00
1.090175867080688477e+00
1.076101779937744141e+00
9.787637591361999512e-01
1.052992105484008789e+00
1.063511133193969727e+00
1.101549267768859863e+00
1.084250688552856445e+00
1.090702533721923828e+00
1.031066775321960449e+00
1.040514469146728516e+00
9.837040901184082031e-01
1.056988239288330078e+00
1.138993263244628906e+00
1.095626592636108398e+00
1.062021493911743164e+00
1.072339892387390137e+00
1.087856292724609375e+00
1.070912003517150879e+00
1.063077211380004883e+00
1.079736113548278809e+00
1.060998678207397461e+00
1.082962274551391602e+00
1.070966243743896484e+00
1.100145339965820312e+00
9.735381007194519043e-01
3.107568323612213135e-01
9.123344421386718750e-01
1.037874698638916016e+00
1.102634787559509277e+00
1.054749965667724609e+00
1.071806788444519043e+00
1.067466139793395996e+00
1.066309332847595215e+00
9.936524629592895508e-01
1.055716037750244141e+00
9.924025535583496094e-01
1.026743173599243164e+00
1.045851230621337891e+00
1.006133913993835449e+00
9.810352325439453125e-01
1.023188710212707520e+00
1.090800166130065918e+00
1.037840127944946289e+00
1.026298999786376953e+00
9.994257092475891113e-01
1.001555919647216797e+00
1.032946825027465820e+00
1.037700653076171875e+00
1.024338960647583008e+00
9.575031995773315430e-01
1.024273037910461426e+00
9.996394515037536621e-01
1.038681983947753906e+00
1.031145572662353516e+00
1.123609066009521484e+00
1.047743558883666992e+00
1.035012960433959961e+00
1.116613507270812988e+00
1.093724608421325684e+00
1.029895782470703125e+00
1.080746769905090332e+00
1.017028570175170898e+00
1.025939702987670898e+00
1.049027442932128906e+00
1.007532358169555664e+00
1.049995899200439453e+00
1.069046497344970703e+00
1.078068852424621582e+00
1.066301465034484863e+00
1.044602394104003906e+00
1.031414508819580078e+00
1.063659191131591797e+00
1.037888526916503906e+00
9.948984384536743164e-01
1.029937267303466797e+00
9.476181268692016602e-01
1.015971899032592773e+00
1.003271937370300293e+00
9.719436764717102051e-01
1.019015550613403320e+00
1.030730247497558594e+00
1.036715507507324219e+00
1.033206701278686523e+00
9.373943209648132324e-01
1.035847544670104980e+00
9.745885729789733887e-01
9.855703711509704590e-01
1.067206859588623047e+00
1.005376338958740234e+00
1.026261806488037109e+00
1.051623821258544922e+00
9.844356775283813477e-01
1.029230833053588867e+00
9.810639619827270508e-01
9.235637784004211426e-01
1.051629900932312012e+00
1.041965842247009277e+00
1.067443132400512695e+00
1.053303718566894531e+00
1.074910163879394531e+00
1.007371664047241211e+00
1.008920192718505859e+00
1.062583684921264648e+00
1.035371899604797363e+00
1.019320726394653320e+00
1.031767129898071289e+00
1.038779139518737793e+00
9.454033970832824707e-01
1.060980200767517090e+00
9.746519923210144043e-01
1.028927564620971680e+00
1.032024264335632324e+00
1.002317667007446289e+00
1.074894309043884277e+00
1.019383430480957031e+00
9.913123846054077148e-01
1.030404806137084961e+00
1.009071826934814453e+00
1.039837598800659180e+00
1.062353849411010742e+00
1.021000385284423828e+00
1.042130231857299805e+00
1.051107883453369141e+00
1.044757366180419922e+00
1.056239366531372070e+00
1.064721345901489258e+00
1.051256537437438965e+00
1.030351877212524414e+00
1.013370156288146973e+00
1.007137894630432129e+00
9.673758149147033691e-01
9.278753995895385742e-01
9.848477840423583984e-01
1.047413587570190430e+00
1.056119441986083984e+00
1.043016910552978516e+00
1.031083345413208008e+00
9.893996715545654297e-01
1.014728665351867676e+00
1.014774084091186523e+00
9.802942872047424316e-01
9.972925782203674316e-01
9.934704303741455078e-01
1.029858350753784180e+00
9.742068052291870117e-01
9.644351005554199219e-01
9.303452372550964355e-01
1.019751667976379395e+00
1.027106642723083496e+00
1.050374746322631836e+00
1.014801859855651855e+00
1.054558992385864258e+00
9.427585601806640625e-01
1.003071308135986328e+00
1.041816830635070801e+00
9.868315458297729492e-01
1.010201454162597656e+00
1.002973318099975586e+00
1.030458211898803711e+00
1.019352555274963379e+00
1.075266003608703613e+00
9.953878521919250488e-01
9.589819312095642090e-01
1.007668495178222656e+00
1.006180405616760254e+00
1.036207437515258789e+00
1.066691398620605469e+00
1.030548214912414551e+00
1.035312652587890625e+00
1.016857147216796875e+00
1.018463134765625000e+00
1.055958271026611328e+00
1.015604019165039062e+00
1.036962985992431641e+00
1.033555984497070312e+00
1.067647933959960938e+00
9.806891679763793945e-01
1.009603261947631836e+00
1.017592787742614746e+00
1.042371988296508789e+00
1.003510713577270508e+00
1.034201383590698242e+00
9.855629801750183105e-01
1.025998592376708984e+00
1.056799054145812988e+00
1.031195402145385742e+00
1.044469833374023438e+00
1.065820932388305664e+00
9.859821200370788574e-01
1.044137597084045410e+00
9.960800409317016602e-01
1.045498371124267578e+00
1.033652305603027344e+00
1.022749543190002441e+00
1.025659561157226562e+00
1.031642913818359375e+00
1.020712375640869141e+00
9.975125193595886230e-01
9.948192834854125977e-01
1.032145380973815918e+00
1.041771411895751953e+00
1.037735700607299805e+00
1.002687692642211914e+00
9.805822968482971191e-01
1.072284698486328125e+00
1.031525015830993652e+00
1.070477008819580078e+00
1.032056689262390137e+00
1.042423009872436523e+00
1.035330533981323242e+00
1.034005641937255859e+00
1.010503053665161133e+00
1.039807677268981934e+00
1.054627180099487305e+00
1.018351078033447266e+00
1.052198410034179688e+00
1.041872501373291016e+00
1.072801470756530762e+00
1.024458408355712891e+00
7.622033357620239258e-01
7.615584731101989746e-01
1.056855440139770508e+00
1.060779929161071777e+00
1.036669731140136719e+00
1.045056819915771484e+00
1.047920703887939453e+00
1.008114457130432129e+00
1.005147576332092285e+00
1.098813533782958984e+00
1.003976345062255859e+00
1.110813856124877930e+00
9.765681028366088867e-01
9.986080527305603027e-01
1.020939826965332031e+00
9.833877682685852051e-01
1.375929594039916992e+00
1.044838428497314453e+00
1.028323173522949219e+00
1.010385990142822266e+00
1.009039402008056641e+00
1.061258316040039062e+00
1.038790702819824219e+00
1.035254716873168945e+00
1.054252624511718750e+00
1.010152220726013184e+00
1.075737953186035156e+00
1.026478052139282227e+00
1.026391506195068359e+00
1.022474050521850586e+00
1.069557428359985352e+00
1.068770170211791992e+00
1.022288799285888672e+00
9.720292091369628906e-01
1.009101033210754395e+00
1.028638958930969238e+00
1.034334540367126465e+00
9.676861763000488281e-01
9.853798747062683105e-01
1.034988760948181152e+00
1.042793035507202148e+00
9.716703891754150391e-01
1.073566675186157227e+00
1.062358379364013672e+00
1.045845270156860352e+00
1.040310144424438477e+00
1.039703845977783203e+00
1.008953094482421875e+00
1.029271364212036133e+00
1.061507463455200195e+00
1.043010473251342773e+00
1.053831100463867188e+00
1.058972597122192383e+00
1.011932611465454102e+00
1.015916347503662109e+00
9.662673473358154297e-01
9.581725001335144043e-01
1.062516689300537109e+00
1.030019998550415039e+00
1.033093571662902832e+00
1.038765430450439453e+00
1.059067964553833008e+00
1.031116008758544922e+00
9.192564487457275391e-01
1.047019124031066895e+00
1.050723552703857422e+00
1.016595125198364258e+00
9.904087781906127930e-01
1.007039070129394531e+00
1.025717020034790039e+00
1.053002715110778809e+00
1.053968429565429688e+00
1.034753322601318359e+00
1.001229763031005859e+00
1.004044294357299805e+00
9.811655879020690918e-01
1.046826601028442383e+00
1.022933363914489746e+00
1.038337349891662598e+00
1.017885923385620117e+00
7.806634306907653809e-01
7.973719239234924316e-01
1.001162290573120117e+00
9.944047927856445312e-01
9.935634136199951172e-01
1.249409794807434082e+00
9.248515367507934570e-01
1.100522994995117188e+00
7.580034136772155762e-01
1.034262418746948242e+00
8.990350961685180664e-01
7.890469431877136230e-01
3.076447546482086182e-01
3.142843544483184814e-01
8.233990669250488281e-01
1.113971471786499023e+00
1.559408187866210938e+00
1.081558585166931152e+00
1.043504118919372559e+00
1.006716609001159668e+00
1.576870679855346680e+00
1.672724008560180664e+00
3.082227110862731934e-01
1.010875344276428223e+00
1.099804282188415527e+00
1.074948906898498535e+00
9.620020389556884766e-01
1.068165421485900879e+00
1.047003984451293945e+00
1.072793245315551758e+00
1.027643203735351562e+00
1.008980751037597656e+00
1.055777788162231445e+00
1.038955450057983398e+00
9.762969017028808594e-01
1.031852722167968750e+00
1.053407549858093262e+00
1.064522862434387207e+00
1.051699399948120117e+00
1.056922912597656250e+00
1.089717984199523926e+00
1.035216569900512695e+00
1.058062791824340820e+00
1.052504301071166992e+00
1.019695281982421875e+00
9.424324631690979004e-01
9.949855208396911621e-01
1.051273465156555176e+00
1.051237225532531738e+00
1.027418136596679688e+00
1.029520034790039062e+00
1.056847333908081055e+00
1.051779985427856445e+00
1.056714534759521484e+00
1.053277730941772461e+00
1.052542686462402344e+00
1.033654451370239258e+00
1.041547298431396484e+00
9.794819355010986328e-01
1.008961200714111328e+00
1.017221450805664062e+00
9.968560338020324707e-01
1.009000062942504883e+00
9.770449399948120117e-01
1.022575616836547852e+00
1.000888109207153320e+00
1.024132966995239258e+00
1.000136256217956543e+00
1.003736376762390137e+00
9.794869422912597656e-01
1.004259586334228516e+00
1.024529695510864258e+00
1.036143302917480469e+00
9.853363633155822754e-01
9.994156360626220703e-01
1.022985339164733887e+00
1.042835950851440430e+00
1.069185018539428711e+00
1.007100343704223633e+00
1.016932368278503418e+00
1.033720016479492188e+00
1.049969077110290527e+00
1.039135336875915527e+00
1.075898528099060059e+00
9.661987423896789551e-01
1.031540155410766602e+00
1.055023550987243652e+00
9.950664043426513672e-01
1.023524284362792969e+00
1.012377738952636719e+00
1.053067922592163086e+00
1.053365826606750488e+00
9.717814922332763672e-01
1.058108925819396973e+00
1.020332574844360352e+00
1.049101352691650391e+00
1.084822654724121094e+00
1.031190991401672363e+00
1.024659395217895508e+00
1.065497159957885742e+00
1.022394657135009766e+00
1.034447431564331055e+00
1.042321205139160156e+00
1.079963922500610352e+00
1.056586623191833496e+00
1.035600423812866211e+00
1.045476675033569336e+00
1.024389743804931641e+00
1.028789520263671875e+00
1.041199922561645508e+00
1.021255612373352051e+00
1.032284975051879883e+00
1.017797112464904785e+00
1.070175647735595703e+00
1.020911335945129395e+00
1.038298487663269043e+00
1.050017952919006348e+00
1.030256509780883789e+00
1.054181575775146484e+00
1.064457416534423828e+00
1.026116371154785156e+00
1.028142571449279785e+00
1.015759110450744629e+00
9.827162623405456543e-01
1.010779023170471191e+00
1.052251577377319336e+00
1.008033514022827148e+00
1.071351289749145508e+00
9.619575142860412598e-01
1.027122735977172852e+00
1.066893935203552246e+00
1.052285671234130859e+00
1.008710145950317383e+00
1.065405726432800293e+00
1.009871721267700195e+00
9.770989418029785156e-01
9.765732884407043457e-01
1.026859045028686523e+00
9.765447974205017090e-01
1.043372869491577148e+00
1.073800325393676758e+00
9.832079410552978516e-01
1.108085036277770996e+00
1.010418415069580078e+00
1.035684823989868164e+00
1.028454065322875977e+00
3.287815749645233154e-01
9.113295078277587891e-01
8.757308125495910645e-01
1.003640651702880859e+00
1.429026961326599121e+00
3.152191042900085449e-01
9.943627715110778809e-01
9.729376435279846191e-01
1.101907968521118164e+00
3.568136990070343018e-01
3.322641253471374512e-01
3.279174864292144775e-01
1.095394492149353027e+00
1.557599782943725586e+00
2.878096699714660645e-01
1.148514628410339355e+00
1.033161163330078125e+00
1.029451370239257812e+00
1.250935316085815430e+00
1.227092146873474121e+00
1.257670998573303223e+00
2.960166335105895996e-01
2.924114167690277100e-01
3.301840126514434814e-01
1.034922957420349121e+00
9.301553368568420410e-01
1.034278154373168945e+00
9.870021343231201172e-01
1.024628520011901855e+00
1.001699447631835938e+00
1.002246618270874023e+00
1.029403924942016602e+00
9.773181080818176270e-01
1.040136337280273438e+00
1.059141874313354492e+00
1.024468421936035156e+00
9.791026711463928223e-01
1.064752340316772461e+00
1.028045177459716797e+00
1.014201879501342773e+00
1.024555087089538574e+00
1.025810480117797852e+00
1.024147987365722656e+00
1.012318968772888184e+00
1.023872375488281250e+00
9.798545241355895996e-01
1.036029458045959473e+00
9.518885612487792969e-01
1.032082080841064453e+00
1.027771949768066406e+00
1.041941165924072266e+00
1.042337656021118164e+00
9.944238066673278809e-01
1.024648427963256836e+00
1.032644987106323242e+00
9.896326661109924316e-01
9.941965341567993164e-01
1.005771636962890625e+00
1.059135198593139648e+00
1.037214756011962891e+00
1.028238296508789062e+00
9.947942495346069336e-01
1.038347721099853516e+00
1.035146474838256836e+00
1.044098854064941406e+00
1.002017736434936523e+00
1.021218657493591309e+00
1.060691475868225098e+00
9.824266433715820312e-01
1.009231567382812500e+00
9.994472861289978027e-01
9.711144566535949707e-01
9.928447008132934570e-01
9.856683015823364258e-01
1.020501613616943359e+00
9.724197983741760254e-01
9.866726398468017578e-01
1.011896610260009766e+00
1.018534898757934570e+00
1.031068801879882812e+00
1.002016067504882812e+00
1.019248247146606445e+00
1.010993480682373047e+00
9.794667959213256836e-01
1.006790161132812500e+00
1.053223013877868652e+00
1.019324183464050293e+00
1.042704820632934570e+00
1.027555704116821289e+00
1.012539863586425781e+00
1.051641464233398438e+00
1.003981351852416992e+00
1.012727975845336914e+00
1.217404484748840332e+00
7.218121886253356934e-01
8.803722262382507324e-01
7.312129735946655273e-01
1.036191344261169434e+00
6.622726321220397949e-01
1.031343936920166016e+00
7.686327099800109863e-01
3.264868855476379395e-01
3.250094950199127197e-01
1.311950683593750000e+00
7.276345491409301758e-01
1.087180376052856445e+00
1.037548303604125977e+00
1.409979820251464844e+00
9.033907055854797363e-01
9.937039017677307129e-01
1.025917053222656250e+00
1.052034854888916016e+00
1.043901443481445312e+00
1.047188043594360352e+00
1.005301713943481445e+00
1.062109231948852539e+00
1.045227289199829102e+00
1.054557085037231445e+00
1.027246475219726562e+00
1.038016676902770996e+00
9.983102679252624512e-01
1.051036834716796875e+00
1.027770519256591797e+00
1.093013286590576172e+00
1.055184841156005859e+00
1.043690443038940430e+00
1.059765100479125977e+00
1.035674214363098145e+00
1.038509607315063477e+00
1.071923494338989258e+00
1.053467273712158203e+00
1.014851808547973633e+00
1.038265943527221680e+00
1.009549379348754883e+00
1.048923730850219727e+00
1.038692712783813477e+00
1.032367229461669922e+00
1.072915792465209961e+00
1.066502332687377930e+00
1.044667601585388184e+00
1.052956938743591309e+00
1.056749343872070312e+00
1.049783468246459961e+00
1.065850377082824707e+00
1.064006090164184570e+00
1.031374454498291016e+00
1.039060592651367188e+00
1.041757345199584961e+00
1.076789140701293945e+00
1.032391071319580078e+00
9.839032888412475586e-01
9.801886081695556641e-01
9.526361823081970215e-01
1.052782058715820312e+00
1.042939901351928711e+00
1.064646482467651367e+00
9.935054779052734375e-01
1.015906572341918945e+00
1.014740943908691406e+00
9.695157408714294434e-01
1.048265695571899414e+00
1.017372131347656250e+00
1.055473804473876953e+00
1.003792524337768555e+00
1.024105072021484375e+00
1.062916040420532227e+00
1.037061452865600586e+00
1.053449153900146484e+00
1.023646116256713867e+00
1.043470144271850586e+00
1.014593482017517090e+00
1.081142187118530273e+00
9.880400300025939941e-01
1.030457139015197754e+00
1.034201383590698242e+00
1.061361789703369141e+00
1.056379318237304688e+00
1.077643513679504395e+00
1.058117866516113281e+00
1.025268077850341797e+00
2.823845446109771729e-01
9.622331857681274414e-01
4.608219563961029053e-01
3.312013745307922363e-01
3.522139191627502441e-01
4.354284405708312988e-01
3.082565069198608398e-01
1.125827312469482422e+00
1.124885201454162598e+00
1.070857405662536621e+00
1.627982974052429199e+00
9.169781208038330078e-01
1.009857654571533203e+00
1.011616468429565430e+00
1.014489769935607910e+00
9.984865784645080566e-01
1.038541078567504883e+00
3.301930427551269531e-01
3.252116143703460693e-01
9.667965173721313477e-01
3.353679776191711426e-01
1.658161163330078125e+00
1.090985298156738281e+00
1.015436410903930664e+00
9.901161789894104004e-01
1.209374666213989258e+00
7.892810702323913574e-01
9.760542511940002441e-01
1.033672094345092773e+00
1.051419019699096680e+00
1.032786846160888672e+00
1.033308506011962891e+00
1.066212296485900879e+00
1.033808469772338867e+00
1.015376329421997070e+00
1.027021288871765137e+00
1.042538285255432129e+00
9.918796420097351074e-01
1.002580404281616211e+00
9.877352118492126465e-01
1.019385099411010742e+00
1.014707326889038086e+00
1.053608179092407227e+00
1.052557587623596191e+00
1.068612933158874512e+00
1.024445295333862305e+00
1.059137582778930664e+00
1.033387660980224609e+00
1.014341354370117188e+00
1.038836002349853516e+00
1.058462977409362793e+00
1.032031297683715820e+00
1.036030530929565430e+00
1.026781082153320312e+00
1.044299602508544922e+00
1.020341157913208008e+00
1.052180767059326172e+00
1.032775640487670898e+00
1.027441978454589844e+00
1.047086954116821289e+00
1.053165197372436523e+00
1.062306404113769531e+00
1.041655540466308594e+00
1.033355236053466797e+00
1.052585363388061523e+00
1.047208547592163086e+00
1.039328098297119141e+00
1.056079387664794922e+00
1.035489559173583984e+00
9.977103471755981445e-01
1.040071010589599609e+00
1.028183698654174805e+00
1.043355703353881836e+00
1.033901453018188477e+00
1.018963575363159180e+00
1.053693532943725586e+00
9.920789003372192383e-01
1.029717206954956055e+00
1.015633106231689453e+00
1.028295993804931641e+00
9.945098757743835449e-01
1.010435104370117188e+00
1.042454004287719727e+00
1.008245706558227539e+00
9.890451431274414062e-01
1.020772099494934082e+00
1.037757992744445801e+00
1.063320636749267578e+00
1.021226644515991211e+00
9.595974683761596680e-01
1.045128107070922852e+00
1.025383472442626953e+00
1.052819967269897461e+00
1.058922529220581055e+00
9.941928386688232422e-01
9.970863461494445801e-01
1.055805206298828125e+00
1.012670516967773438e+00
1.056676149368286133e+00
1.028852224349975586e+00
1.033748865127563477e+00
1.033405303955078125e+00
1.054770588874816895e+00
1.037922620773315430e+00
1.025765180587768555e+00
1.042882323265075684e+00
1.018505215644836426e+00
1.001884698867797852e+00
1.078284621238708496e+00
1.041232109069824219e+00
1.032993197441101074e+00
1.023642778396606445e+00
1.048738956451416016e+00
1.042454600334167480e+00
1.024449825286865234e+00
3.029689490795135498e-01
1.033167123794555664e+00
3.568398058414459229e-01
1.257720470428466797e+00
1.139403700828552246e+00
1.077425837516784668e+00
1.442829847335815430e+00
1.629830121994018555e+00
9.651359915733337402e-01
1.009993791580200195e+00
1.050770163536071777e+00
1.000338077545166016e+00
1.010982275009155273e+00
1.003897905349731445e+00
1.037916183471679688e+00
1.007913827896118164e+00
1.028618097305297852e+00
9.981425404548645020e-01
1.031582593917846680e+00
1.012510776519775391e+00
1.014767050743103027e+00
1.013062238693237305e+00
1.002502679824829102e+00
9.919583201408386230e-01
1.040481328964233398e+00
1.011186242103576660e+00
1.026673913002014160e+00
1.018766522407531738e+00
1.037765741348266602e+00
1.026677012443542480e+00
1.012814402580261230e+00
1.052182912826538086e+00
1.046182394027709961e+00
1.054249167442321777e+00
1.022053003311157227e+00
9.898888468742370605e-01
1.041843652725219727e+00
1.018432855606079102e+00
1.061074972152709961e+00
1.027610063552856445e+00
5.128108263015747070e-01
1.051669359207153320e+00
3.282127082347869873e-01
3.164493441581726074e-01
3.066752254962921143e-01
3.267956078052520752e-01
1.396781444549560547e+00
1.664735674858093262e+00
9.214707612991333008e-01
1.022403240203857422e+00
1.012553691864013672e+00
3.054780662059783936e-01
1.083128571510314941e+00
3.188080489635467529e-01
1.127100229263305664e+00
9.479278326034545898e-01
3.077496290206909180e-01
1.136923193931579590e+00
3.289349675178527832e-01
3.388475775718688965e-01
1.437968373298645020e+00
1.264709234237670898e+00
1.117409110069274902e+00
1.336081027984619141e+00
1.675099968910217285e+00
8.103584051132202148e-01
1.023678302764892578e+00
1.046108245849609375e+00
1.024240255355834961e+00
1.047683119773864746e+00
1.061482191085815430e+00
1.007217168807983398e+00
1.016788721084594727e+00
1.036669611930847168e+00
1.016492605209350586e+00
1.010461091995239258e+00
1.038917183876037598e+00
1.015642642974853516e+00
1.000417590141296387e+00
1.005639195442199707e+00
1.014023780822753906e+00
1.621145486831665039e+00
1.062970161437988281e+00
1.054148077964782715e+00
1.045937776565551758e+00
3.348976969718933105e-01
1.031221389770507812e+00
3.143304288387298584e-01
1.662769556045532227e+00
1.062659740447998047e+00
1.073663473129272461e+00
3.081751465797424316e-01
1.090394139289855957e+00
1.074306964874267578e+00
3.260641992092132568e-01
3.288653790950775146e-01
3.130596280097961426e-01
3.343514204025268555e-01
9.459157586097717285e-01
1.210251569747924805e+00
1.011610507965087891e+00
1.110906600952148438e+00
1.251937866210937500e+00
3.210863471031188965e-01
1.340544104576110840e+00
3.132583498954772949e-01
9.743872880935668945e-01
1.023749232292175293e+00
1.020212411880493164e+00
1.044914126396179199e+00
3.246475458145141602e-01
1.651489496231079102e+00
8.502022027969360352e-01
1.014905214309692383e+00
2.668688893318176270e-01
9.732896089553833008e-01
3.005216717720031738e-01
1.092719554901123047e+00
3.423986136913299561e-01
7.846894264221191406e-01
2.906842529773712158e-01
3.291295468807220459e-01
3.228244483470916748e-01
2.973095476627349854e-01
3.360809981822967529e-01
1.293724060058593750e+00
3.662799596786499023e-01
2.892776131629943848e-01
3.224531710147857666e-01
8.314417600631713867e-01
1.094681024551391602e+00
3.297773301601409912e-01
2.866908609867095947e-01
3.348904252052307129e-01
6.423966288566589355e-01
8.970041871070861816e-01
9.580242037773132324e-01
3.687107563018798828e-01
3.073954582214355469e-01
1.587480783462524414e+00
1.065555453300476074e+00
1.066915750503540039e+00
1.027315497398376465e+00
3.247361481189727783e-01
2.915064692497253418e-01
2.325017452239990234e+00
1.087671995162963867e+00
1.422646403312683105e+00
1.075699329376220703e+00
1.036231040954589844e+00
1.012195110321044922e+00
1.035438060760498047e+00
1.040392398834228516e+00
1.066385507583618164e+00
1.045157074928283691e+00
1.058798909187316895e+00
1.035321712493896484e+00
1.013701915740966797e+00
1.048394083976745605e+00
1.012202978134155273e+00
1.012176513671875000e+00
1.037887573242187500e+00
1.018822908401489258e+00
1.028157711029052734e+00
1.037142753601074219e+00
1.036026716232299805e+00
1.056384801864624023e+00
9.925420880317687988e-01
1.003574848175048828e+00
1.024691939353942871e+00
1.052075386047363281e+00
1.005707979202270508e+00
1.025994062423706055e+00
1.005054354667663574e+00
1.039383411407470703e+00
1.042628288269042969e+00
1.026615619659423828e+00
1.056872725486755371e+00
1.021125555038452148e+00
9.932578206062316895e-01
1.026412963867187500e+00
1.051002264022827148e+00
1.027612566947937012e+00
1.007707118988037109e+00
1.015166044235229492e+00
1.023403406143188477e+00
9.981648325920104980e-01
1.043632268905639648e+00
1.030962705612182617e+00
1.039707303047180176e+00
1.043263792991638184e+00
1.037431478500366211e+00
1.065855026245117188e+00
1.046986579895019531e+00
1.041014909744262695e+00
1.071196317672729492e+00
1.049944400787353516e+00
1.064337730407714844e+00
1.040652751922607422e+00
1.009267568588256836e+00
1.018949270248413086e+00
1.012565135955810547e+00
1.000215530395507812e+00
1.036349534988403320e+00
9.682958722114562988e-01
1.012770056724548340e+00
1.022900104522705078e+00
1.011020779609680176e+00
1.018326520919799805e+00
9.946811795234680176e-01
1.022880077362060547e+00
1.000010609626770020e+00
1.000562310218811035e+00
9.977900385856628418e-01
1.011854887008666992e+00
1.027686595916748047e+00
9.950377345085144043e-01
1.004992008209228516e+00
1.020700573921203613e+00
1.032925605773925781e+00
1.053664565086364746e+00
1.018610358238220215e+00
1.055760383605957031e+00
1.067667961120605469e+00
1.038693308830261230e+00
1.034805059432983398e+00
1.034495353698730469e+00
1.030174016952514648e+00
3.181122541427612305e-01
1.600603699684143066e+00
1.084406495094299316e+00
7.596790194511413574e-01
1.048997640609741211e+00
1.072004079818725586e+00
1.020193099975585938e+00
1.049584627151489258e+00
1.029283285140991211e+00
9.885135293006896973e-01
1.023015618324279785e+00
9.970857501029968262e-01
1.000762343406677246e+00
1.023962259292602539e+00
1.051513195037841797e+00
1.076293706893920898e+00
1.019742488861083984e+00
9.911993741989135742e-01
9.920178055763244629e-01
1.043613433837890625e+00
1.056901454925537109e+00
1.019698143005371094e+00
1.041971683502197266e+00
1.059862136840820312e+00
1.043763399124145508e+00
1.051402568817138672e+00
1.038399338722229004e+00
1.041341066360473633e+00
1.059930443763732910e+00
1.001331329345703125e+00
1.034914135932922363e+00
1.020288109779357910e+00
1.015257358551025391e+00
1.041421890258789062e+00
1.075910568237304688e+00
1.028807163238525391e+00
9.899276494979858398e-01
9.958685636520385742e-01
9.956021308898925781e-01
1.009248018264770508e+00
1.029556512832641602e+00
1.068708777427673340e+00
1.031356096267700195e+00
9.834953546524047852e-01
9.635964632034301758e-01
1.019438028335571289e+00
9.967641234397888184e-01
1.010587930679321289e+00
1.063625574111938477e+00
1.517970800399780273e+00
1.020970463752746582e+00
1.097522735595703125e+00
9.797210693359375000e-01
1.018092632293701172e+00
3.055216670036315918e-01
2.891701757907867432e-01
5.650163888931274414e-01
2.951576411724090576e-01
3.032978177070617676e-01
1.080737590789794922e+00
3.223105669021606445e-01
1.641122460365295410e+00
1.189782261848449707e+00
3.206611573696136475e-01
3.219796121120452881e-01
2.770493924617767334e-01
1.051647305488586426e+00
1.000429987907409668e+00
1.007927179336547852e+00
3.251321017742156982e-01
1.142337083816528320e+00
1.201956033706665039e+00
1.216796278953552246e+00
1.047638654708862305e+00
1.214303493499755859e+00
1.066026329994201660e+00
1.694238662719726562e+00
8.665397763252258301e-01
1.016260385513305664e+00
1.038625836372375488e+00
1.014965057373046875e+00
1.014862537384033203e+00
1.050063848495483398e+00
1.015565156936645508e+00
9.975400567054748535e-01
1.032168388366699219e+00
1.055745720863342285e+00
1.029725313186645508e+00
1.005867719650268555e+00
1.026747941970825195e+00
1.004278302192687988e+00
1.013787508010864258e+00
9.930097460746765137e-01
1.033705472946166992e+00
1.034710884094238281e+00
1.030502796173095703e+00
9.819833040237426758e-01
1.010684013366699219e+00
1.024671077728271484e+00
1.002857208251953125e+00
1.025675892829895020e+00
1.000092506408691406e+00
1.043188571929931641e+00
1.025694847106933594e+00
1.021778345108032227e+00
1.001179695129394531e+00
1.057710051536560059e+00
9.986585974693298340e-01
1.021993398666381836e+00
9.864190220832824707e-01
9.914168119430541992e-01
9.898055195808410645e-01
1.008624315261840820e+00
1.027553200721740723e+00
1.191148042678833008e+00
9.994059801101684570e-01
1.020030021667480469e+00
1.039211034774780273e+00
1.041799068450927734e+00
1.065004587173461914e+00
1.027236938476562500e+00
1.021563649177551270e+00
1.057142496109008789e+00
1.054467439651489258e+00
1.026939392089843750e+00
1.042803287506103516e+00
1.069952249526977539e+00
1.043242573738098145e+00
1.059392452239990234e+00
1.072949886322021484e+00
1.004322767257690430e+00
1.034420490264892578e+00
1.040630459785461426e+00
1.052874326705932617e+00
1.031041979789733887e+00
1.066809177398681641e+00
1.432486057281494141e+00
1.005859732627868652e+00
9.772840738296508789e-01
1.020067930221557617e+00
3.242090642452239990e-01
1.033500909805297852e+00
9.241268038749694824e-01
1.108865141868591309e+00
3.255466818809509277e-01
2.912199199199676514e-01
1.814562797546386719e+00
1.108611822128295898e+00
9.950512051582336426e-01
1.033743619918823242e+00
1.032752037048339844e+00
1.045809268951416016e+00
1.007606744766235352e+00
1.014217615127563477e+00
1.001854658126831055e+00
9.942930936813354492e-01
1.009658336639404297e+00
1.031406402587890625e+00
1.033143043518066406e+00
1.016835927963256836e+00
1.010383605957031250e+00
1.005499601364135742e+00
3.185093402862548828e-01
1.005777359008789062e+00
4.398240745067596436e-01
1.061095237731933594e+00
1.065975308418273926e+00
3.536037206649780273e-01
1.105414390563964844e+00
1.089185714721679688e+00
1.015171051025390625e+00
1.031959295272827148e+00
3.226927220821380615e-01
1.004808664321899414e+00
1.052117824554443359e+00
1.020881175994873047e+00
3.166804611682891846e-01
3.172205388545989990e-01
4.602623283863067627e-01
3.119916319847106934e-01
2.898257970809936523e-01
9.485479593276977539e-01
1.048927783966064453e+00
1.036605834960937500e+00
7.279998064041137695e-01
1.015307188034057617e+00
1.016140937805175781e+00
1.021909952163696289e+00
3.049208521842956543e-01
2.669041454792022705e-01
3.303373157978057861e-01
1.373664736747741699e+00
1.325891494750976562e+00
1.276013731956481934e+00
1.208918929100036621e+00
1.079208850860595703e+00
1.154855966567993164e+00
1.191377758979797363e+00
1.243496775627136230e+00
7.485487461090087891e-01
3.322672545909881592e-01
3.754037618637084961e-01
1.076179385185241699e+00
1.033884286880493164e+00
2.813501656055450439e-01
2.915288805961608887e-01
3.457409143447875977e-01
1.360481619834899902e+00
3.451986014842987061e-01
3.309950828552246094e-01
1.155360698699951172e+00
1.047743558883666992e+00
3.231374919414520264e-01
3.248269259929656982e-01
1.071729302406311035e+00
3.166551887989044189e-01
3.246614038944244385e-01
1.117276787757873535e+00
2.998437881469726562e-01
9.000046849250793457e-01
1.051841735839843750e+00
1.031856536865234375e+00
1.030582666397094727e+00
3.194801509380340576e-01
2.975117266178131104e-01
3.101898431777954102e-01
1.439785003662109375e+00
1.449003934860229492e+00
3.229179978370666504e-01
2.994675934314727783e-01
8.905627727508544922e-01
1.083287715911865234e+00
2.996156811714172363e-01
3.039186298847198486e-01
1.336848258972167969e+00
1.491268992424011230e+00
1.330331087112426758e+00
8.999810218811035156e-01
1.024714469909667969e+00
1.059435844421386719e+00
1.055017232894897461e+00
1.063765764236450195e+00
1.040524244308471680e+00
1.024172186851501465e+00
1.025248765945434570e+00
1.025271058082580566e+00
1.032507300376892090e+00
1.051324844360351562e+00
1.039527177810668945e+00
1.067224860191345215e+00
1.062872529029846191e+00
1.056155204772949219e+00
1.042194843292236328e+00
1.075134277343750000e+00
1.033199548721313477e+00
1.022218704223632812e+00
1.023196935653686523e+00
1.068163633346557617e+00
1.045760393142700195e+00
1.012717247009277344e+00
1.024718642234802246e+00
1.047126770019531250e+00
1.055245161056518555e+00
1.011382937431335449e+00
1.022098064422607422e+00
1.008369803428649902e+00
1.015031814575195312e+00
1.009397029876708984e+00
1.025253057479858398e+00
1.046713113784790039e+00
1.051554918289184570e+00
1.439347267150878906e+00
1.502930879592895508e+00
9.735637903213500977e-01
1.024590969085693359e+00
1.039680600166320801e+00
1.026185750961303711e+00
1.027468085289001465e+00
1.034062147140502930e+00
1.008593797683715820e+00
1.014274120330810547e+00
9.973906874656677246e-01
1.020729899406433105e+00
1.036775827407836914e+00
1.042684078216552734e+00
1.023975372314453125e+00
1.003417849540710449e+00
1.026583075523376465e+00
1.049782276153564453e+00
1.038251161575317383e+00
1.061764240264892578e+00
1.049204707145690918e+00
1.034442186355590820e+00
1.041983842849731445e+00
1.044298887252807617e+00
1.074913263320922852e+00
1.015352010726928711e+00
1.006041765213012695e+00
1.033330440521240234e+00
1.030826568603515625e+00
1.042815446853637695e+00
1.040397524833679199e+00
1.046232461929321289e+00
1.060380220413208008e+00
1.079702138900756836e+00
1.020704746246337891e+00
1.012231826782226562e+00
1.023759722709655762e+00
1.040186643600463867e+00
1.061142206192016602e+00
1.069159030914306641e+00
8.956980705261230469e-01
1.039911985397338867e+00
6.399472951889038086e-01
7.979615926742553711e-01
2.942298650741577148e-01
5.126154422760009766e-01
8.622000217437744141e-01
9.197331666946411133e-01
8.408001065254211426e-01
1.039309978485107422e+00
1.046783924102783203e+00
1.029083728790283203e+00
1.247849941253662109e+00
1.075929641723632812e+00
1.032091498374938965e+00
1.036622285842895508e+00
1.034357666969299316e+00
1.058396100997924805e+00
1.055381059646606445e+00
3.247142732143402100e-01
1.030638456344604492e+00
1.017739534378051758e+00
1.064774036407470703e+00
1.047341942787170410e+00
1.053941607475280762e+00
1.044330835342407227e+00
1.040255784988403320e+00
1.019869565963745117e+00
1.039635419845581055e+00
1.049929141998291016e+00
1.051645636558532715e+00
1.031041622161865234e+00
1.059472322463989258e+00
1.037708044052124023e+00
1.040909051895141602e+00
1.035492897033691406e+00
1.039052963256835938e+00
1.039413213729858398e+00
1.043459415435791016e+00
1.058122396469116211e+00
1.064863681793212891e+00
8.177607059478759766e-01
2.974323928356170654e-01
3.269411623477935791e-01
1.156848192214965820e+00
6.333610415458679199e-01
1.580619096755981445e+00
1.593189716339111328e+00
3.434101641178131104e-01
1.316870093345642090e+00
1.211071252822875977e+00
1.338700890541076660e+00
1.272207498550415039e+00
1.253267884254455566e+00
1.048129796981811523e+00
9.543346762657165527e-01
9.273191690444946289e-01
1.530610322952270508e+00
3.144788444042205811e-01
1.062936782836914062e+00
9.416758418083190918e-01
3.421645462512969971e-01
3.525013029575347900e-01
1.325844526290893555e+00
3.054451942443847656e-01
1.204139471054077148e+00
1.525635600090026855e+00
2.724788486957550049e-01
3.078253865242004395e-01
1.338087677955627441e+00
1.116145491600036621e+00
1.082702517509460449e+00
1.020533561706542969e+00
1.021742224693298340e+00
3.298559188842773438e-01
3.143932521343231201e-01
3.246305584907531738e-01
3.272569179534912109e-01
1.381909012794494629e+00
9.530327916145324707e-01
1.015710353851318359e+00
1.066679120063781738e+00
1.065145015716552734e+00
1.035614967346191406e+00
1.035740494728088379e+00
1.059321165084838867e+00
1.038994431495666504e+00
1.085219621658325195e+00
1.077452898025512695e+00
1.023556351661682129e+00
1.001238942146301270e+00
1.031698465347290039e+00
1.057030558586120605e+00
1.096026182174682617e+00
1.042181849479675293e+00
1.046000242233276367e+00
1.016618371009826660e+00
1.068964242935180664e+00
1.053724050521850586e+00
1.005648016929626465e+00
2.980796992778778076e-01
3.222244083881378174e-01
1.449111938476562500e+00
1.338944315910339355e+00
9.749230146408081055e-01
1.132324099540710449e+00
1.231443643569946289e+00
1.097592592239379883e+00
1.118451237678527832e+00
1.139076232910156250e+00
1.215563178062438965e+00
1.226738095283508301e+00
1.072944164276123047e+00
1.130545139312744141e+00
1.030174016952514648e+00
1.006596446037292480e+00
2.851777970790863037e-01
3.386088311672210693e-01
3.309143781661987305e-01
2.796213924884796143e-01
9.216597080230712891e-01
3.147979676723480225e-01
1.057451963424682617e+00
1.029727816581726074e+00
1.029193639755249023e+00
1.007017135620117188e+00
1.037218093872070312e+00
1.038854122161865234e+00
1.026848316192626953e+00
1.053719401359558105e+00
1.007936477661132812e+00
1.025090217590332031e+00
1.022185683250427246e+00
1.027679204940795898e+00
1.017840862274169922e+00
1.036137819290161133e+00
1.013735651969909668e+00
1.004752635955810547e+00
1.015693545341491699e+00
1.048713803291320801e+00
1.046217799186706543e+00
1.235644340515136719e+00
1.301762819290161133e+00
1.389211416244506836e+00
1.277003765106201172e+00
1.218076705932617188e+00
1.159576296806335449e+00
1.008339643478393555e+00
1.002037882804870605e+00
1.149578094482421875e+00
1.035878419876098633e+00
1.033589839935302734e+00
1.293722867965698242e+00
1.299461245536804199e+00
1.435127735137939453e+00
1.408829689025878906e+00
1.413658976554870605e+00
1.405859470367431641e+00
3.293179571628570557e-01
1.404531955718994141e+00
1.512155413627624512e+00
1.403746366500854492e+00
1.702525973320007324e+00
1.601614594459533691e+00
2.827964723110198975e-01
1.041024565696716309e+00
5.907295942306518555e-01
1.597304582595825195e+00
1.332803726196289062e+00
1.671557068824768066e+00
1.557631015777587891e+00
1.308466672897338867e+00
9.064721465110778809e-01
9.905495047569274902e-01
3.186087012290954590e-01
6.285222768783569336e-01
7.036968469619750977e-01
4.959778189659118652e-01
3.136260211467742920e-01
3.089641630649566650e-01
7.867043614387512207e-01
9.129029512405395508e-01
3.282128870487213135e-01
1.194272875785827637e+00
1.644450187683105469e+00
1.446561932563781738e+00
9.832772016525268555e-01
3.385660946369171143e-01
7.518130540847778320e-01
3.267380297183990479e-01
5.154001712799072266e-01
1.210057020187377930e+00
9.483659863471984863e-01
9.888561367988586426e-01
9.769754409790039062e-01
1.014782309532165527e+00
1.011688947677612305e+00
9.992767572402954102e-01
1.017200469970703125e+00
1.064827203750610352e+00
1.005077362060546875e+00
1.073190808296203613e+00
1.014166831970214844e+00
1.063479065895080566e+00
1.067540884017944336e+00
9.951039552688598633e-01
1.012787818908691406e+00
1.013702392578125000e+00
1.019602537155151367e+00
9.578015804290771484e-01
1.013048648834228516e+00
1.025336980819702148e+00
1.238602161407470703e+00
1.237202882766723633e+00
1.158566236495971680e+00
1.008747935295104980e+00
1.103176355361938477e+00
1.022094488143920898e+00
1.137487530708312988e+00
1.080510020256042480e+00
9.944543242454528809e-01
1.000242233276367188e+00
1.135442852973937988e+00
7.354990839958190918e-01
3.038899600505828857e-01
3.233326673507690430e-01
3.158218562602996826e-01
1.617633938789367676e+00
1.333760499954223633e+00
1.192225217819213867e+00
1.536275863647460938e+00
1.525246381759643555e+00
1.299876689910888672e+00
1.261567354202270508e+00
1.336704850196838379e+00
1.442080140113830566e+00
1.666442155838012695e+00
1.232191562652587891e+00
1.317120432853698730e+00
1.298579931259155273e+00
1.579597234725952148e+00
3.025157153606414795e-01
1.172839522361755371e+00
1.394609570503234863e+00
1.577155113220214844e+00
1.625420451164245605e+00
1.542143106460571289e+00
1.179445385932922363e+00
9.840902090072631836e-01
9.924463033676147461e-01
1.040514230728149414e+00
1.064265251159667969e+00
3.109569549560546875e-01
3.087094128131866455e-01
3.212713897228240967e-01
1.536284685134887695e+00
1.080764055252075195e+00
8.474745154380798340e-01
1.096116781234741211e+00
1.148784518241882324e+00
9.851484298706054688e-01
1.223317861557006836e+00
1.675384402275085449e+00
1.590262055397033691e+00
2.987873852252960205e-01
2.836662232875823975e-01
6.593848466873168945e-01
1.613402605056762695e+00
1.550531029701232910e+00
1.327649831771850586e+00
1.153719425201416016e+00
1.618386983871459961e+00
3.508497178554534912e-01
2.996287941932678223e-01
1.267903685569763184e+00
1.356001853942871094e+00
1.199637651443481445e+00
1.542908549308776855e+00
1.481560707092285156e+00
1.673029065132141113e+00
1.636506795883178711e+00
9.574298858642578125e-01
1.070100545883178711e+00
1.155501246452331543e+00
1.116554379463195801e+00
1.024070501327514648e+00
1.145099878311157227e+00
1.076829671859741211e+00
1.081966519355773926e+00
3.297268748283386230e-01
1.553460478782653809e+00
1.517061948776245117e+00
1.355284094810485840e+00
8.461936712265014648e-01
1.342755675315856934e+00
1.608655691146850586e+00
3.044434189796447754e-01
1.032311081886291504e+00
1.560276746749877930e+00
1.501248598098754883e+00
1.285233974456787109e+00
1.103400111198425293e+00
1.531522512435913086e+00
1.524315953254699707e+00
1.618531227111816406e+00
1.596182346343994141e+00
1.682371020317077637e+00
1.671076416969299316e+00
1.676666617393493652e+00
1.711910367012023926e+00
1.664012551307678223e+00
1.612381815910339355e+00
8.548555970191955566e-01
1.328657984733581543e+00
1.222638726234436035e+00
9.869894981384277344e-01
1.002486467361450195e+00
1.030618906021118164e+00
1.008372306823730469e+00
1.280632138252258301e+00
1.117963314056396484e+00
1.312838315963745117e+00
3.137954175472259521e-01
3.410978019237518311e-01
1.493500113487243652e+00
1.676239967346191406e+00
1.578696489334106445e+00
1.401310801506042480e+00
9.686755537986755371e-01
2.860124111175537109e-01
3.433665931224822998e-01
3.005670011043548584e-01
3.189791440963745117e-01
9.672579765319824219e-01
1.659752368927001953e+00
1.622836709022521973e+00
1.645562171936035156e+00
1.680075287818908691e+00
1.677491545677185059e+00
1.693277359008789062e+00
1.315487146377563477e+00
1.091438531875610352e+00
6.954844594001770020e-01
1.365985631942749023e+00
1.287544846534729004e+00
1.166622161865234375e+00
1.190100073814392090e+00
1.082626223564147949e+00
1.045274019241333008e+00
1.121403336524963379e+00
1.170346736907958984e+00
1.020084857940673828e+00
1.047980070114135742e+00
1.058065414428710938e+00
1.297699570655822754e+00
1.462619781494140625e+00
1.194064259529113770e+00
1.172976136207580566e+00
1.073458433151245117e+00
1.105245113372802734e+00
1.167403340339660645e+00
1.364537000656127930e+00
1.285621762275695801e+00
1.649498701095581055e+00
1.654761672019958496e+00
1.621350526809692383e+00
1.665157198905944824e+00
1.679571032524108887e+00
1.389013051986694336e+00
1.445561885833740234e+00
1.173123359680175781e+00
1.237553119659423828e+00
1.339502811431884766e+00
1.208621859550476074e+00
1.227085113525390625e+00
8.354523777961730957e-01
1.477782964706420898e+00
1.340552806854248047e+00
9.532507061958312988e-01
1.177316904067993164e+00
1.044430017471313477e+00
3.198693692684173584e-01
1.350546956062316895e+00
2.813626229763031006e-01
1.106063604354858398e+00
9.478790760040283203e-01
3.096876442432403564e-01
1.209965586662292480e+00
1.177294611930847168e+00
7.842141389846801758e-01
1.243289709091186523e+00
1.047981262207031250e+00
5.796356797218322754e-01
1.345075964927673340e+00
2.970157861709594727e-01
4.523882567882537842e-01
1.688275337219238281e+00
1.669589519500732422e+00
3.243267536163330078e-01
3.131316304206848145e-01
2.932874858379364014e-01
3.242790699005126953e-01
3.235158920288085938e-01
4.600819051265716553e-01
3.117280304431915283e-01
1.326149821281433105e+00
2.869834899902343750e-01
1.108550429344177246e+00
1.177406191825866699e+00
2.920791804790496826e-01
1.382546305656433105e+00
1.257292032241821289e+00
9.000635743141174316e-01
1.067467212677001953e+00
1.177507638931274414e+00
7.125105261802673340e-01
3.099906146526336670e-01
5.101249814033508301e-01
1.352465867996215820e+00
3.371573984622955322e-01
1.314902067184448242e+00
1.132101655006408691e+00
1.305907249450683594e+00
1.226511836051940918e+00
1.599474906921386719e+00
1.170038461685180664e+00
1.002260684967041016e+00
1.266531229019165039e+00
1.102309584617614746e+00
3.269658386707305908e-01
1.154001593589782715e+00
3.153494298458099365e-01
1.261538743972778320e+00
1.042593359947204590e+00
3.332125246524810791e-01
9.207568764686584473e-01
3.267202377319335938e-01
1.250666975975036621e+00
1.196673154830932617e+00
1.318605303764343262e+00
1.480329990386962891e+00
1.391942143440246582e+00
1.260229825973510742e+00
1.636103153228759766e+00
1.671556353569030762e+00
1.694944262504577637e+00
9.064539074897766113e-01
1.286030888557434082e+00
2.856940925121307373e-01
1.115252852439880371e+00
8.455835580825805664e-01
2.965245842933654785e-01
1.405338764190673828e+00
3.418626189231872559e-01
9.368665218353271484e-01
1.143624424934387207e+00
5.138595700263977051e-01
9.661789536476135254e-01
3.123285770416259766e-01
1.060679674148559570e+00
1.319625854492187500e+00
9.040736556053161621e-01
1.295044183731079102e+00
1.314396858215332031e+00
1.348728656768798828e+00
1.274903535842895508e+00
7.760370969772338867e-01
3.348407447338104248e-01
5.964782238006591797e-01
1.066752433776855469e+00
1.034265637397766113e+00
1.378988504409790039e+00
3.269702792167663574e-01
6.148688793182373047e-01
3.208839893341064453e-01
2.864829599857330322e-01
8.091608881950378418e-01
3.427795469760894775e-01
1.289499759674072266e+00
2.981111407279968262e-01
1.076839685440063477e+00
3.314998447895050049e-01
1.031649351119995117e+00
3.156807720661163330e-01
5.878633856773376465e-01
1.070345163345336914e+00
3.314864635467529297e-01
8.335933089256286621e-01
1.192154884338378906e+00
3.033397197723388672e-01
7.144106626510620117e-01
3.067346513271331787e-01
3.147560060024261475e-01
1.287838578224182129e+00
1.208181858062744141e+00
3.131807744503021240e-01
3.533967435359954834e-01
3.238157331943511963e-01
3.372813463211059570e-01
1.277480840682983398e+00
3.107135593891143799e-01
5.387294888496398926e-01
7.865594625473022461e-01
9.237820506095886230e-01
6.954348683357238770e-01
1.285824775695800781e+00
3.208617269992828369e-01
9.483050107955932617e-01
6.758654713630676270e-01
3.206944167613983154e-01
3.270903527736663818e-01
1.134040951728820801e+00
1.608073234558105469e+00
1.676084041595458984e+00
6.484706401824951172e-01
2.944922149181365967e-01
8.526980876922607422e-01
3.242855966091156006e-01
3.234639465808868408e-01
2.941554784774780273e-01
1.047446489334106445e+00
3.401445150375366211e-01
1.353678107261657715e+00
6.094697117805480957e-01
3.015173971652984619e-01
6.763316392898559570e-01
9.804129004478454590e-01
4.380788207054138184e-01
8.660825490951538086e-01
3.013139963150024414e-01
9.163765907287597656e-01
3.328516781330108643e-01
1.391718626022338867e+00
3.512076437473297119e-01
3.038084805011749268e-01
8.233756422996520996e-01
3.887930810451507568e-01
9.150751829147338867e-01
2.859986722469329834e-01
1.001690387725830078e+00
1.317227005958557129e+00
1.307042598724365234e+00
