-2.717373000000000011e-02 -1.246824000000000023e-02 -8.366479999999999750e-02 -6.936910000000000298e-02 -8.640209999999999557e-02 -9.938219999999999832e-01
-2.366866999999999929e-02 -1.502016999999999936e-02 -8.357249999999999401e-02 -2.176360000000000100e-02 -9.665490000000000193e-02 -9.950259999999999661e-01
-3.073864999999999931e-02 -1.246669000000000076e-02 -8.318390999999999980e-02 -2.270050000000000123e-01 -2.404340000000000088e-01 -9.432669999999999666e-01
-3.274131999999999737e-02 -9.846089000000000577e-03 -8.332285999999999859e-02 -1.856879999999999920e-01 -1.633320000000000050e-01 -9.684479999999999755e-01
-3.511128000000000166e-02 -7.076935999999999817e-03 -8.331616999999999496e-02 -1.569619999999999904e-01 -1.129040000000000044e-01 -9.810839999999999561e-01
-1.616491999999999929e-02 -2.071929000000000132e-02 -8.318345000000000600e-02 -6.108920000000000322e-02 -1.670280000000000098e-01 -9.839959999999999818e-01
-1.092713000000000018e-02 -2.121202999999999977e-02 -8.337261999999999451e-02 -3.798519999999999675e-02 -1.073149999999999937e-01 -9.933689999999999465e-01
-7.713094999999999674e-03 -2.145015000000000116e-02 -8.345180000000000653e-02 -1.398940000000000079e-02 4.248799999999999626e-03 -9.995309999999999473e-01
7.073252000000000358e-03 -2.612793999999999880e-02 -8.378014000000000294e-02 5.913510000000000294e-03 -1.385980000000000024e-02 -9.997949999999999893e-01
3.592142999999999899e-03 -2.714913999999999869e-02 -8.360428999999999777e-02 -5.702850000000000280e-02 -1.156070000000000014e-01 -9.916540000000000354e-01
1.445956999999999971e-02 -2.845465000000000147e-02 -8.353541000000000438e-02 8.315809999999999869e-03 -9.107890000000000430e-02 -9.957749999999999657e-01
1.941918999999999937e-02 -2.854995999999999923e-02 -8.342956999999999457e-02 2.607009999999999883e-02 -7.029030000000000000e-02 -9.971630000000000216e-01
6.773496999999999851e-03 -2.950996999999999995e-02 -8.337579999999999991e-02 -2.394340000000000010e-02 -2.279150000000000065e-01 -9.731760000000000410e-01
1.139647000000000034e-04 -2.868149000000000046e-02 -8.307868999999999671e-02 -9.860209999999999808e-02 -2.688809999999999811e-01 -9.575979999999999492e-01
-1.968825000000000002e-03 -2.541204999999999853e-02 -8.344508999999999954e-02 -7.249210000000000376e-02 -1.273160000000000125e-01 -9.891940000000000177e-01
-5.005919000000000167e-03 -2.403154999999999875e-02 -8.340517000000000070e-02 -6.800910000000000288e-02 -1.115300000000000041e-01 -9.913049999999999917e-01
1.850805000000000158e-02 9.308280999999999847e-03 -8.370484000000000258e-02 -5.158519999999999772e-03 4.240479999999999944e-02 -9.989890000000000159e-01
3.096733999999999945e-02 3.458730000000000138e-03 -8.336960000000000204e-02 1.053779999999999994e-01 1.121339999999999976e-01 -9.880790000000000406e-01
3.567464000000000052e-02 1.312297999999999883e-04 -8.314095999999999986e-02 1.838849999999999929e-01 1.555199999999999916e-01 -9.705329999999999790e-01
1.992110000000000061e-02 1.323192999999999939e-02 -8.307842000000000005e-02 9.505710000000000548e-02 1.865950000000000109e-01 -9.776040000000000285e-01
1.432126000000000059e-02 1.472326000000000017e-02 -8.317273999999999501e-02 5.137509999999999993e-02 1.536029999999999895e-01 -9.867949999999999777e-01
9.153968000000000174e-03 1.586732999999999894e-02 -8.324178000000000133e-02 3.820729999999999960e-02 1.414860000000000007e-01 -9.891510000000000025e-01
-1.746402999999999844e-02 2.256551000000000043e-02 -8.365730999999999862e-02 -2.120520000000000044e-02 7.203829999999999956e-02 -9.970740000000000158e-01
-2.085601000000000121e-02 2.394421000000000049e-02 -8.344097000000000319e-02 -2.692780000000000173e-02 1.161309999999999981e-01 -9.926650000000000196e-01
-2.506101999999999982e-02 2.443733000000000016e-02 -8.326962000000000252e-02 -3.705370000000000191e-02 1.231239999999999973e-01 -9.915589999999999682e-01
-5.118323000000000143e-03 1.986670999999999923e-02 -8.367402000000000173e-02 3.938080000000000053e-02 1.886200000000000029e-02 -9.989059999999999606e-01
-6.266306999999999607e-03 2.303194999999999895e-02 -8.340963999999999323e-02 6.861319999999999919e-02 1.299130000000000007e-01 -9.891429999999999945e-01
-8.306384999999999463e-03 2.588866000000000084e-02 -8.275804999999999967e-02 7.861669999999999769e-02 4.580629999999999979e-01 -8.852560000000000429e-01
-4.553460999999999967e-03 2.577188000000000048e-02 -8.236562999999999524e-02 1.321140000000000092e-01 5.352780000000000316e-01 -8.340149999999999508e-01
3.301236000000000253e-04 2.339522999999999950e-02 -8.275530000000000386e-02 1.215040000000000009e-01 2.842410000000000214e-01 -9.509159999999999835e-01
4.064177999999999888e-03 2.208088000000000065e-02 -8.263692000000000260e-02 1.185940000000000050e-01 2.527969999999999939e-01 -9.599050000000000082e-01
5.402368999999999748e-03 1.885368000000000113e-02 -8.303360999999999381e-02 7.633529999999999482e-02 1.409759999999999902e-01 -9.870619999999999949e-01
1.079034000000000069e-02 2.019993000000000136e-02 -8.226812999999999487e-02 1.678080000000000127e-01 3.917459999999999831e-01 -9.037039999999999518e-01
1.936925000000000105e-02 1.667342999999999950e-02 -8.190392999999999979e-02 3.044609999999999816e-01 5.212809999999999944e-01 -7.963209999999999456e-01
2.404825000000000018e-02 1.308434999999999980e-02 -8.226940000000000641e-02 2.920300000000000118e-01 4.360310000000000019e-01 -8.511429999999999829e-01
3.012932000000000110e-02 6.546149999999999712e-03 -8.294453000000000242e-02 2.338850000000000096e-01 2.678380000000000205e-01 -9.343770000000000131e-01
3.407388000000000083e-02 4.034135999999999798e-03 -8.252133000000000385e-02 3.486969999999999792e-01 3.471989999999999799e-01 -8.702670000000000128e-01
3.320730000000000209e-02 7.060801000000000230e-03 -8.127437999999999330e-02 5.174569999999999448e-01 5.471629999999999550e-01 -6.570059999999999789e-01
1.769615000000000077e-02 1.985806999999999850e-02 -7.943529000000000562e-02 3.599660000000000082e-01 8.914699999999999847e-01 -2.713869999999999894e-01
1.369936000000000070e-02 2.170209000000000027e-02 -7.846630000000000271e-02 5.039609999999999923e-01 8.632999999999999563e-01 -2.361279999999999976e-02
2.489641999999999897e-02 1.544221999999999956e-02 -7.853825000000000389e-02 5.811990000000000212e-01 8.098969999999999780e-01 -7.481830000000000425e-02
3.844121999999999817e-02 1.278056999999999978e-03 -8.149871000000000199e-02 5.425189999999999735e-01 4.405249999999999999e-01 -7.146000000000000130e-01
4.023755999999999861e-02 -1.658502999999999974e-03 -8.188056999999999974e-02 4.954979999999999940e-01 3.900810000000000111e-01 -7.758969999999999478e-01
4.364927999999999864e-02 -5.403930999999999839e-03 -8.072572999999999555e-02 6.929859999999999909e-01 2.463549999999999907e-01 -6.772789999999999644e-01
4.166231000000000101e-02 -7.558894000000000030e-03 -8.232525000000000259e-02 3.991350000000000176e-01 -8.250150000000000539e-02 -9.130669999999999620e-01
3.632161999999999891e-02 -1.173713000000000013e-02 -8.228982999999999437e-02 -2.046069999999999833e-02 -1.349349999999999994e-01 -9.906310000000000393e-01
1.209582000000000018e-02 -3.172322999999999810e-02 -8.264533999999999769e-02 -4.609049999999999953e-02 -4.745420000000000194e-01 -8.788789999999999658e-01
-6.666400999999999751e-03 -2.720863999999999921e-02 -8.263173999999999519e-02 -1.583060000000000023e-01 -3.621900000000000119e-01 -9.178560000000000052e-01
-1.263412000000000042e-02 -2.435379999999999837e-02 -8.269411000000000123e-02 -1.067840000000000039e-01 -2.703740000000000032e-01 -9.566320000000000379e-01
-1.982325000000000059e-02 -2.305435000000000123e-02 -8.163658999999999499e-02 -2.931289999999999729e-01 -6.212159999999999904e-01 -7.265479999999999716e-01
-2.405188000000000118e-02 -2.049221000000000029e-02 -8.175830000000000597e-02 -3.923829999999999818e-01 -5.988700000000000134e-01 -6.977079999999999949e-01
-2.569445999999999883e-02 -1.763785000000000006e-02 -8.281874999999999654e-02 -2.673789999999999778e-01 -3.810509999999999731e-01 -8.846939999999999804e-01
-3.926994000000000318e-02 -5.772895000000000110e-03 -8.239908999999999428e-02 -3.921899999999999831e-01 -3.186260000000000203e-01 -8.619860000000000300e-01
-4.190957000000000016e-02 -3.916621999999999812e-03 -8.180300999999999545e-02 -4.909009999999999763e-01 -4.044010000000000105e-01 -7.702940000000000342e-01
-3.950950000000000295e-02 -8.957918000000000477e-03 -8.016808000000000267e-02 -6.146350000000000424e-01 -5.924819999999999531e-01 -5.200050000000000505e-01
-4.522224999999999856e-02 -1.796651000000000021e-03 -8.016225999999999907e-02 -6.963660000000000405e-01 -4.976920000000000233e-01 -5.154180000000000428e-01
-4.235140999999999906e-02 -6.310727000000000350e-03 -7.830537999999999388e-02 -8.363089999999999691e-01 -5.346940000000000026e-01 -1.183270000000000016e-01
-4.741754000000000108e-02 -5.599752999999999849e-04 -7.679308999999999441e-02 -7.940850000000000408e-01 -5.982460000000000555e-01 -8.662680000000000380e-02
-4.486510999999999971e-02 5.133775999999999617e-03 -8.111174999999999635e-02 -5.164570000000000549e-01 1.922770000000000035e-01 -8.343779999999999530e-01
-4.383783000000000124e-02 9.382822000000000731e-03 -8.044999999999999374e-02 -4.442289999999999850e-01 2.863490000000000202e-01 -8.487890000000000157e-01
-2.001874999999999835e-02 2.711028000000000049e-02 -8.257517000000000329e-02 6.179510000000000038e-03 4.870530000000000137e-01 -8.731640000000000512e-01
-1.668742000000000142e-02 2.792350999999999861e-02 -8.198980999999999630e-02 3.065170000000000047e-02 6.207979999999999610e-01 -7.822759999999999714e-01
-9.763370999999999855e-03 2.840660000000000060e-02 -8.075234000000000578e-02 1.393369999999999886e-01 8.101650000000000240e-01 -5.687799999999999523e-01
-6.539009000000000141e-03 2.787809000000000120e-02 -8.062120999999999871e-02 1.599720000000000031e-01 8.409100000000000463e-01 -5.155929999999999680e-01
-2.658443999999999825e-03 2.746318000000000023e-02 -8.011242000000000363e-02 1.662500000000000089e-01 8.547409999999999730e-01 -4.914870000000000072e-01
5.322358000000000124e-03 2.497689999999999980e-02 -7.980840999999999630e-02 2.949620000000000020e-01 9.021890000000000187e-01 -3.094069999999999876e-01
1.504991000000000011e-03 2.679979000000000042e-02 -7.694148000000000653e-02 4.979410000000000225e-01 8.668540000000000134e-01 -2.376139999999999849e-02
1.825339999999999949e-02 1.982665000000000122e-02 -7.593112000000000472e-02 2.607419999999999738e-01 9.653680000000000039e-01 -7.780529999999999911e-03
4.329298999999999994e-03 2.550223000000000073e-02 -7.558148000000000644e-02 3.491969999999999796e-01 9.365890000000000049e-01 -2.857940000000000133e-02
-5.700239000000000174e-03 2.836672000000000152e-02 -7.598106000000000304e-02 1.412589999999999957e-01 9.893699999999999717e-01 -3.318340000000000178e-02
-2.028798000000000060e-02 2.981531999999999932e-02 -7.949952999999999881e-02 1.102999999999999953e-01 9.508419999999999650e-01 -2.888109999999999844e-01
-1.722461000000000131e-02 2.970456999999999959e-02 -7.787439999999999640e-02 9.125130000000000394e-03 9.989930000000000199e-01 -4.303619999999999668e-02
-3.065106000000000080e-02 2.917726000000000000e-02 -7.972195999999999450e-02 -7.319119999999999793e-02 9.608820000000000139e-01 -2.646519999999999984e-01
-3.367305999999999772e-02 2.698354000000000030e-02 -8.145218999999999376e-02 -2.791870000000000185e-01 5.435470000000000024e-01 -7.913109999999999866e-01
2.520439000000000013e-02 -3.326740000000000252e-02 -8.162271999999999583e-02 5.130780000000000063e-02 -6.752529999999999921e-01 -7.352919999999999456e-01
1.886407000000000014e-02 -3.272202999999999917e-02 -8.220294000000000212e-02 -3.461800000000000120e-03 -5.406459999999999599e-01 -8.404460000000000264e-01
1.044089999999999949e-02 -3.383077999999999780e-02 -8.061559999999999560e-02 -7.445930000000000604e-02 -8.012070000000000025e-01 -5.927630000000000399e-01
6.314787999999999998e-03 -3.308794000000000318e-02 -8.079376000000000613e-02 -1.587429999999999952e-01 -8.209020000000000206e-01 -5.484299999999999731e-01
2.678305000000000182e-03 -3.260373999999999911e-02 -8.030418000000000278e-02 -1.657210000000000072e-01 -8.965760000000000396e-01 -4.084929999999999950e-01
-1.032507999999999907e-03 -3.140836999999999796e-02 -8.094597000000000597e-02 -1.929019999999999901e-01 -7.685929999999999707e-01 -6.098860000000000392e-01
-1.391149000000000031e-02 -2.712635999999999867e-02 -8.017778000000000405e-02 -3.766530000000000156e-01 -7.722170000000000423e-01 -5.108989999999999920e-01
-1.146607000000000008e-02 -2.906977999999999993e-02 -7.432547000000000459e-02 -1.841180000000000039e-01 -9.826150000000000162e-01 5.906269999999999923e-03
3.196369000000000120e-03 -3.304361000000000104e-02 -7.483146999999999716e-02 -1.500700000000000089e-01 -9.885779999999999568e-01 -4.018940000000000359e-03
1.474150999999999934e-02 -3.446649000000000240e-02 -7.962890999999999719e-02 -3.125700000000000006e-02 -9.665080000000000338e-01 -2.521519999999999873e-01
1.204381000000000028e-02 -3.486796000000000340e-02 -7.737660000000000371e-02 1.504070000000000129e-01 -9.863509999999999778e-01 -6.631979999999999820e-02
2.512626999999999916e-02 -3.471317000000000152e-02 -7.853786000000000100e-02 1.891569999999999918e-01 -9.778010000000000312e-01 -8.995609999999999717e-02
2.876549999999999940e-02 -3.439231999999999706e-02 -7.688109999999999389e-02 1.280069999999999993e-02 -9.997209999999999708e-01 -1.231920000000000064e-02
3.812387999999999888e-02 -2.060274999999999954e-02 -8.089209999999999456e-02 4.364259999999999806e-01 -1.331070000000000031e-01 -8.896960000000000424e-01
3.823632999999999893e-02 -1.605996999999999980e-02 -8.150855999999999379e-02 2.044199999999999906e-01 -1.782569999999999988e-01 -9.618330000000000490e-01
-3.982519999999999810e-02 1.357123000000000010e-02 -8.089544999999999375e-02 -2.365790000000000115e-01 1.461419999999999941e-01 -9.604970000000000452e-01
-4.135922999999999683e-02 1.810480999999999896e-02 -7.936753000000000557e-02 -6.112819999999999920e-01 2.282279999999999864e-01 -7.576749999999999874e-01
-4.348998999999999920e-02 1.565744999999999984e-02 -7.833249999999999935e-02 -7.229010000000000158e-01 3.182960000000000234e-01 -6.127000000000000224e-01
-3.218532000000000337e-02 2.948860000000000023e-02 -7.232442000000000037e-02 4.813440000000000080e-02 9.987519999999999731e-01 -6.472030000000000144e-03
1.920863999999999905e-02 1.955397000000000038e-02 -7.241327999999999654e-02 3.055570000000000230e-01 9.521549999999999736e-01 -4.740770000000000053e-03
1.616541999999999979e-02 2.056304000000000118e-02 -7.326955000000000273e-02 3.804830000000000156e-01 9.244639999999999525e-01 -2.236459999999999837e-02
2.578721999999999959e-02 1.469287000000000024e-02 -7.398030999999999358e-02 5.543420000000000014e-01 8.301920000000000410e-01 5.759859999999999980e-02
4.485258000000000300e-02 -4.234225000000000315e-03 -7.556366999999999945e-02 7.549219999999999819e-01 6.500580000000000247e-01 -8.448780000000000179e-02
4.124171000000000087e-02 -1.468431000000000076e-02 -8.079258000000000273e-02 4.649090000000000167e-01 -2.838760000000000172e-01 -8.384589999999999543e-01
4.081974000000000019e-02 -1.903615999999999989e-02 -7.950672000000000295e-02 6.496739999999999737e-01 -2.699340000000000073e-01 -7.099760000000000515e-01
2.768634000000000026e-02 -3.445785999999999988e-02 -7.183428000000000035e-02 7.010039999999999327e-02 -9.975039999999999463e-01 1.290370000000000102e-03
1.428876999999999925e-02 -3.476105000000000167e-02 -7.498293999999999793e-02 1.193950000000000046e-02 -9.997829999999999773e-01 1.522719999999999976e-03
-8.049419000000000365e-03 -2.970733999999999875e-02 -7.552010000000000667e-02 -2.857720000000000260e-01 -9.582899999999999752e-01 -6.177420000000000090e-04
-7.871942999999999302e-03 -2.975861999999999952e-02 -7.224258999999999542e-02 -2.821379999999999999e-01 -9.567269999999999941e-01 -6.223889999999999978e-02
-2.804239000000000037e-02 -1.904870999999999995e-02 -8.002850999999999715e-02 -5.299789999999999779e-01 -7.853480000000000461e-01 -3.190330000000000110e-01
-3.000177999999999873e-02 -1.827733999999999956e-02 -7.622476999999999725e-02 -4.189160000000000106e-01 -9.072130000000000472e-01 -3.753879999999999717e-02
-1.845551000000000136e-02 -2.508060999999999971e-02 -7.465162000000000186e-02 -3.773610000000000020e-01 -9.258530000000000371e-01 1.640430000000000013e-02
-2.726144999999999957e-02 -1.982236000000000067e-02 -7.554800999999999878e-02 -5.691460000000000408e-01 -8.221730000000000427e-01 -1.397140000000000057e-03
-4.380387000000000169e-02 -4.360830999999999909e-03 -7.570781999999999512e-02 -8.227419999999999733e-01 -5.674919999999999964e-01 -3.028430000000000011e-02
-4.284704000000000290e-02 -4.607624000000000268e-03 2.787878000000000144e-03 -8.650250000000000439e-01 -4.974089999999999900e-01 -6.531159999999999743e-02
4.088180999999999760e-02 -3.639388000000000128e-04 3.151020000000000036e-03 8.753300000000000525e-01 4.733129999999999837e-01 -9.794949999999999490e-02
-4.480175000000000129e-02 -2.088974999999999860e-03 8.872769000000000836e-03 -8.898970000000000491e-01 -4.446829999999999949e-01 -1.005970000000000059e-01
2.784052999999999875e-02 -3.195068000000000213e-02 4.797796000000000005e-02 3.615680000000000005e-01 -8.802299999999999569e-01 3.070860000000000256e-01
1.748096999999999845e-02 -3.216982000000000175e-02 5.522607999999999684e-02 1.197239999999999971e-01 -9.425909999999999567e-01 3.116840000000000166e-01
1.043371000000000055e-02 -3.187021999999999772e-02 5.243605999999999961e-02 -1.789630000000000110e-01 -9.809050000000000269e-01 -7.563269999999999715e-02
-2.759769999999999932e-02 -1.611413999999999902e-02 5.168959000000000054e-02 -5.527440000000000131e-01 -8.294880000000000031e-01 -8.009639999999999815e-02
2.471440000000000095e-02 1.399070999999999995e-02 5.351638999999999702e-02 5.557990000000000430e-01 8.294209999999999638e-01 -5.607870000000000216e-02
1.589896999999999838e-02 -3.122894000000000017e-02 5.802768999999999983e-02 1.754979999999999873e-01 -8.758240000000000469e-01 4.493690000000000184e-01
4.419641999999999668e-03 -3.212207999999999730e-02 5.864685000000000037e-02 -1.519439999999999957e-01 -9.705829999999999735e-01 -1.789189999999999947e-01
7.187045000000000412e-03 -3.115265999999999869e-02 5.095490999999999909e-02 -2.029279999999999973e-01 -9.767200000000000326e-01 -6.951000000000000234e-02
-2.785017999999999869e-02 -1.771866000000000066e-02 5.874944000000000000e-02 -7.050410000000000288e-01 -6.885179999999999634e-01 1.331839999999999968e-01
-3.022595000000000143e-02 -1.521781000000000002e-02 5.763312000000000296e-02 -7.644360000000000044e-01 -5.881079999999999641e-01 2.625080000000000191e-01
-3.051697000000000090e-02 -1.435295999999999968e-02 5.366912000000000071e-02 -5.245269999999999655e-01 -8.367459999999999898e-01 -1.563269999999999937e-01
-1.268764999999999997e-02 -2.496657999999999863e-02 5.481637999999999789e-02 -4.103680000000000105e-01 -9.109720000000000040e-01 -4.106780000000000153e-02
-1.642346999999999904e-02 -2.311766999999999989e-02 5.501096999999999931e-02 -4.668129999999999780e-01 -8.833250000000000268e-01 -4.226459999999999939e-02
2.111916000000000140e-03 -2.984277000000000110e-02 6.390447999999999962e-02 6.875459999999999905e-02 -8.005459999999999798e-01 5.952610000000000401e-01
6.885017000000000220e-03 -2.968588999999999950e-02 6.330813999999999886e-02 1.369710000000000094e-01 -8.120230000000000503e-01 5.672369999999999912e-01
1.967218000000000092e-02 -1.324969000000000060e-03 8.502933000000000019e-02 9.958219999999999850e-01 -1.554400000000000052e-03 8.358509999999999551e-02
2.865528999999999993e-02 1.167366000000000063e-02 5.760785000000000211e-02 7.745410000000000350e-01 5.277939999999999854e-01 3.469149999999999734e-01
2.502425000000000135e-02 1.368571000000000024e-02 6.124119000000000090e-02 6.960039999999999560e-01 5.033480000000000176e-01 5.117660000000000542e-01
2.329045999999999894e-02 1.643798000000000134e-02 6.068878999999999940e-02 6.802639999999999798e-01 5.601650000000000240e-01 4.723789999999999933e-01
2.108068000000000095e-02 1.666257000000000155e-02 6.319582999999999451e-02 6.211470000000000047e-01 5.290770000000000195e-01 5.781380000000000408e-01
2.227333999999999911e-02 1.388580000000000023e-02 6.436608000000000607e-02 6.375380000000000491e-01 5.102929999999999966e-01 5.771770000000000511e-01
2.624982999999999830e-02 1.080206000000000048e-02 6.218897000000000314e-02 6.968140000000000445e-01 4.555509999999999837e-01 5.540040000000000520e-01
1.829124999999999848e-02 5.879867000000000427e-03 8.365063999999999833e-02 9.290559999999999929e-01 3.694899999999999851e-01 1.188140000000000029e-02
1.711611000000000035e-02 1.859606000000000106e-02 5.310052999999999995e-02 4.889319999999999777e-01 8.701830000000000398e-01 -5.920550000000000118e-02
5.562011000000000385e-03 2.405654999999999946e-02 5.363327999999999846e-02 3.511969999999999814e-01 9.356290000000000440e-01 -3.528479999999999811e-02
6.813763000000000241e-04 2.574767999999999848e-02 5.352072000000000079e-02 2.949570000000000247e-01 9.547870000000000523e-01 -3.689400000000000318e-02
1.164301000000000051e-02 2.145446999999999979e-02 5.393135000000000290e-02 4.327190000000000203e-01 9.001639999999999642e-01 -4.932870000000000310e-02
1.485610000000000055e-02 1.992562000000000152e-02 5.543479999999999935e-02 4.447409999999999974e-01 8.946859999999999813e-01 -4.129950000000000288e-02
9.088580000000000617e-03 2.268132999999999955e-02 5.548771000000000259e-02 4.001170000000000004e-01 9.164379999999999749e-01 -6.650350000000000185e-03
9.546881000000000117e-03 2.298760999999999860e-02 5.944693999999999673e-02 3.138500000000000179e-01 6.806750000000000300e-01 -6.603130000000000388e-01
-1.283703999999999922e-02 2.901195999999999983e-02 5.479466000000000198e-02 6.707440000000000624e-02 9.919909999999999561e-01 -8.579799999999999927e-02
-1.037633999999999952e-02 2.898018000000000122e-02 5.703746999999999984e-02 -3.787759999999999738e-02 9.883910000000000196e-01 1.410379999999999967e-01
5.062668000000000203e-03 2.539508000000000043e-02 6.419294000000000389e-02 1.924329999999999929e-01 7.858979999999999855e-01 5.876080000000000192e-01
-1.785855000000000081e-02 2.823859000000000091e-02 5.611453999999999748e-02 -1.307069999999999899e-01 9.246379999999999599e-01 3.569660000000000055e-01
-3.431639000000000217e-02 -1.073502999999999957e-02 5.584652999999999839e-02 -7.343610000000000415e-01 -5.923549999999999649e-01 3.308189999999999742e-01
-1.438834999999999940e-02 1.359152999999999924e-02 8.142149999999999388e-02 -6.749230000000000507e-01 7.369780000000000220e-01 -3.464020000000000293e-02
-6.593794000000000044e-03 1.800979999999999942e-02 8.169593999999999467e-02 -3.191419999999999813e-01 9.473570000000000046e-01 -2.354569999999999927e-02
-1.662013999999999853e-02 1.122273000000000021e-02 8.305946000000000162e-02 -7.881899999999999462e-01 6.152929999999999788e-01 1.006340000000000012e-02
-1.840171999999999988e-02 8.404340999999999201e-03 8.316033000000000452e-02 -8.844109999999999472e-01 4.597930000000000073e-01 -7.669560000000000266e-02
-2.019015000000000046e-02 4.182998999999999745e-03 8.463468000000000380e-02 -9.598860000000000170e-01 2.630569999999999853e-01 9.481489999999999363e-02
-2.868205000000000060e-02 -1.509685000000000020e-02 6.047165000000000179e-02 -7.166040000000000187e-01 -4.949649999999999883e-01 4.914060000000000095e-01
-2.494740000000000152e-02 -1.907319999999999849e-02 6.164340000000000097e-02 -6.637159999999999727e-01 -5.162029999999999674e-01 5.412919999999999954e-01
-2.576546999999999865e-02 -1.630772999999999945e-02 6.316708999999999519e-02 -6.697629999999999972e-01 -4.744399999999999729e-01 5.712340000000000195e-01
-1.897269999999999859e-02 -1.008317000000000067e-02 8.537749999999999506e-02 -8.941299999999999804e-01 -3.909719999999999862e-01 2.161690000000000000e-01
-2.070442000000000116e-02 -4.318940000000000279e-03 8.274592000000000058e-02 -9.833049999999999846e-01 -1.319940000000000002e-01 -1.232069999999999971e-01
-2.099072000000000091e-02 -6.480477999999999586e-04 8.232198999999999767e-02 -9.990630000000000344e-01 2.691079999999999861e-02 -2.801659999999999914e-02
-2.065250000000000072e-02 2.551351999999999787e-03 8.185995000000000077e-02 -9.819379999999999775e-01 1.877949999999999897e-01 -1.680480000000000168e-02
-1.635148000000000157e-02 1.127848000000000045e-02 7.895765999999999896e-02 -7.927910000000000235e-01 6.022359999999999935e-01 -9.214730000000000143e-02
-9.553835999999999579e-03 1.661411000000000138e-02 8.161124999999999630e-02 -4.230280000000000151e-01 9.008680000000000021e-01 -9.622160000000000435e-02
-5.081765000000000240e-03 6.830758999999999616e-03 1.048660000000000009e-01 -4.529509999999999925e-01 8.626089999999999591e-01 2.248960000000000126e-01
-1.852548000000000085e-03 1.889462000000000086e-02 8.236519999999999953e-02 -3.785129999999999745e-02 9.992529999999999468e-01 -3.239849999999999848e-03
5.179630999999999645e-03 1.803988999999999940e-02 8.375106000000000217e-02 2.503029999999999977e-01 9.679750000000000298e-01 6.784850000000000256e-03
1.062959999999999947e-02 2.291831000000000076e-02 6.496208000000000538e-02 3.429530000000000078e-01 7.386970000000000480e-01 5.802629999999999733e-01
1.292655000000000019e-02 1.357943999999999991e-02 8.516211999999999394e-02 6.260940000000000394e-01 7.486580000000000457e-01 2.159880000000000133e-01
1.560408999999999928e-02 1.063276999999999972e-02 8.475523000000000085e-02 8.030129999999999768e-01 5.794040000000000301e-01 1.377500000000000113e-01
1.617545999999999914e-02 9.874041999999999542e-03 8.136245999999999756e-02 8.232509999999999550e-01 5.671650000000000302e-01 -2.283819999999999947e-02
7.713010000000000178e-03 1.952561000000000010e-03 1.060727000000000059e-01 8.455859999999999488e-01 3.195939999999999892e-01 4.261220000000000008e-01
1.393060999999999952e-02 1.234976999999999950e-02 8.158055999999999641e-02 7.098499999999999810e-01 6.930239999999999734e-01 -1.256849999999999912e-01
1.104431999999999983e-02 1.516351999999999978e-02 8.128918999999999728e-02 5.818349999999999911e-01 8.122420000000000195e-01 -3.898279999999999801e-02
1.270544000000000014e-02 1.339855000000000039e-02 7.788531999999999400e-02 6.832690000000000152e-01 7.294429999999999525e-01 -3.138160000000000255e-02
9.450389000000000228e-04 1.866860000000000047e-02 8.076682999999999779e-02 1.704289999999999972e-01 9.810410000000000519e-01 -9.195580000000000420e-02
6.895138999999999782e-03 -6.947670000000000408e-03 1.044961999999999974e-01 7.760719999999999841e-01 -5.976709999999999523e-01 2.009130000000000082e-01
1.347426000000000006e-02 -1.602902999999999967e-02 8.424884000000000539e-02 6.908349999999999769e-01 -7.227729999999999988e-01 1.423160000000000050e-02
7.479862999999999790e-03 -2.005528999999999992e-02 8.392020000000000035e-02 4.106400000000000050e-01 -9.117619999999999614e-01 -6.130060000000000326e-04
7.400636000000000367e-03 -3.197991000000000028e-02 5.626691999999999805e-02 -2.993219999999999770e-01 -8.292049999999999699e-01 -4.713579999999999992e-01
2.047502000000000035e-04 -2.964955000000000021e-02 5.363379000000000063e-02 -2.723849999999999882e-01 -9.609590000000000076e-01 -4.772060000000000191e-02
-6.047750000000000174e-03 -2.769626999999999853e-02 5.503933999999999910e-02 -3.396129999999999982e-01 -9.398490000000000455e-01 -3.575280000000000125e-02
-1.426607000000000049e-02 -2.588441000000000006e-02 6.448721000000000314e-02 -3.832130000000000258e-01 -7.294589999999999685e-01 5.658900000000000041e-01
-3.916669999999999700e-03 -2.157098000000000002e-02 8.412403999999999715e-02 -1.567570000000000074e-01 -9.873380000000000489e-01 -1.199680000000000017e-02
9.237648000000000430e-05 -2.821873999999999910e-02 6.622029999999999583e-02 8.240539999999999324e-03 -7.957549999999999901e-01 6.055580000000000407e-01
2.070409000000000051e-03 -2.162562999999999985e-02 8.242921000000000276e-02 1.405990000000000018e-01 -9.900099999999999456e-01 -2.962150000000000200e-03
2.011230000000000136e-03 -1.044120999999999938e-02 1.038190999999999975e-01 3.033710000000000018e-01 -9.337659999999999849e-01 1.896309999999999940e-01
6.482561999999999873e-03 -2.026245999999999950e-02 8.062779999999999947e-02 4.495290000000000119e-01 -8.906589999999999785e-01 -6.787809999999999677e-02
1.911846000000000032e-02 -5.389101000000000308e-03 8.529923999999999840e-02 9.450570000000000359e-01 -1.815430000000000099e-01 2.681620000000000115e-01
1.931727999999999917e-02 -4.909913999999999598e-03 8.107733999999999774e-02 9.861290000000000333e-01 -1.610479999999999967e-01 -3.858469999999999955e-02
1.631356999999999946e-02 -1.233191999999999969e-02 8.190229000000000259e-02 8.902240000000000153e-01 -4.460149999999999948e-01 -9.000679999999999792e-02
1.809958999999999874e-02 -8.914596000000000325e-03 8.137081999999999649e-02 8.974330000000000362e-01 -4.362559999999999771e-01 -6.360709999999999975e-02
4.456360000000000356e-03 7.278903000000000196e-04 1.071821000000000024e-01 -3.512589999999999879e-01 -1.201399999999999968e-01 9.279899999999999816e-01
-2.282529999999999976e-02 -1.798500000000000099e-02 6.503601000000000520e-02 -6.293499999999999650e-01 -4.998489999999999878e-01 5.948189999999999866e-01
-1.695854999999999932e-02 -1.371180999999999962e-02 8.315944999999999587e-02 -7.946619999999999795e-01 -6.065469999999999473e-01 -1.447520000000000057e-02
-1.984268000000000143e-02 -8.229989999999999528e-03 8.157184000000000657e-02 -9.471530000000000227e-01 -3.201479999999999881e-01 -1.736580000000000068e-02
-1.012611000000000067e-02 -5.461440000000000348e-04 1.036490999999999940e-01 -9.774439999999999795e-01 9.583629999999999927e-02 1.879510000000000070e-01
-1.818372000000000044e-02 8.327002999999999489e-03 7.940611000000000197e-02 -8.776500000000000412e-01 4.791369999999999796e-01 6.914370000000000412e-03
-6.199165000000000404e-03 1.787526000000000045e-02 7.823357000000000228e-02 -3.461560000000000192e-01 9.347969999999999891e-01 -7.919470000000000676e-02
-9.548400000000000290e-03 1.649781000000000164e-02 7.697186999999999779e-02 -4.322039999999999771e-01 9.015100000000000335e-01 -1.954339999999999897e-02
-2.820674999999999918e-03 1.858498999999999915e-02 7.844793999999999379e-02 -1.099310000000000009e-01 9.879989999999999606e-01 -1.084370000000000056e-01
1.680018999999999881e-04 1.854565999999999854e-02 7.715985999999999678e-02 7.378300000000000136e-02 9.960639999999999494e-01 -4.808880000000000099e-02
4.211158999999999909e-03 1.803520000000000123e-02 8.045541000000000498e-02 1.338169999999999915e-01 9.875840000000000174e-01 -8.158500000000000474e-02
5.492979999999999738e-03 1.760572999999999999e-02 7.738533999999999691e-02 2.883800000000000252e-01 9.564219999999999944e-01 -4.479459999999999692e-02
8.701129000000000155e-03 1.636086000000000137e-02 7.828992999999999369e-02 4.483869999999999800e-01 8.891400000000000414e-01 -9.125260000000000316e-02
1.957677999999999849e-02 -1.168896999999999905e-03 8.135438000000000391e-02 9.931020000000000403e-01 9.476519999999999389e-02 -6.783430000000000015e-02
1.928712000000000135e-02 -3.620045000000000120e-03 7.801152999999999560e-02 9.916059999999999874e-01 -1.003519999999999968e-01 -7.887479999999999492e-02
1.903213000000000127e-02 2.620177000000000010e-03 8.126057999999999892e-02 9.911480000000000290e-01 8.248949999999999338e-02 -1.040259999999999935e-01
1.904257000000000172e-02 1.491380000000000049e-03 7.806781000000000137e-02 9.902729999999999588e-01 1.379960000000000075e-01 1.254579999999999931e-03
2.362453999999999943e-03 3.874077999999999983e-03 1.072860000000000064e-01 -1.046819999999999973e-01 -2.182800000000000018e-01 9.691309999999999647e-01
-4.269911000000000366e-03 -5.441920000000000264e-03 1.072702999999999990e-01 2.198680000000000079e-01 3.101820000000000133e-01 9.241399999999999615e-01
1.853818999999999953e-02 3.696211999999999935e-03 7.567000999999999589e-02 9.571819999999999773e-01 2.730440000000000089e-01 -9.427430000000000532e-02
1.859500000000000042e-02 -6.895985000000000309e-03 7.740004000000000328e-02 9.561640000000000139e-01 -2.871779999999999888e-01 -5.271850000000000147e-02
1.212209000000000030e-02 -1.723886999999999989e-02 8.092824999999999325e-02 6.342499999999999805e-01 -7.725090000000000012e-01 -2.084369999999999973e-02
1.384115999999999992e-02 -1.538201999999999972e-02 7.816099999999999437e-02 7.158700000000000063e-01 -6.941599999999999993e-01 -7.382629999999999748e-02
9.421116000000000212e-03 -1.883409000000000125e-02 8.016940000000000177e-02 4.280180000000000096e-01 -9.025279999999999969e-01 -4.709460000000000035e-02
1.735706000000000054e-02 -1.007358000000000038e-02 7.670847000000000082e-02 9.119190000000000351e-01 -4.096750000000000114e-01 -1.730049999999999991e-02
1.565988999999999923e-02 -1.301045999999999973e-02 7.690608999999999640e-02 8.203960000000000141e-01 -5.715719999999999690e-01 -1.546250000000000055e-02
4.624656000000000426e-03 -2.090059000000000014e-02 7.751938999999999358e-02 3.137610000000000121e-01 -9.490429999999999700e-01 -2.775930000000000064e-02
-1.389276999999999960e-03 -2.180377999999999830e-02 8.171515000000000029e-02 -5.079700000000000187e-02 -9.985990000000000144e-01 -1.053330000000000065e-02
-6.962480000000000058e-03 -2.083534999999999901e-02 8.164535000000000542e-02 -2.520749999999999935e-01 -9.675099999999999811e-01 -1.143120000000000074e-02
-5.033313000000000197e-03 -9.238698999999999523e-03 1.056838999999999973e-01 -4.536250000000000004e-01 -8.305850000000000177e-01 3.214609999999999967e-01
-3.000010000000000003e-03 8.138451999999999145e-03 1.026133000000000045e-01 -2.622110000000000274e-01 9.473599999999999799e-01 1.835489999999999899e-01
-5.362445000000000406e-03 1.775134000000000087e-02 7.494051000000000184e-02 -2.436399999999999955e-01 8.341359999999999886e-01 -4.947900000000000076e-01
-8.658305999999999295e-03 4.940757999999999955e-03 1.002196999999999949e-01 -7.748519999999999852e-01 6.001229999999999620e-01 1.980840000000000101e-01
-6.972759999999999722e-03 7.141721000000000180e-03 9.832796000000000591e-02 -5.882110000000000394e-01 7.824330000000000451e-01 2.041900000000000104e-01
-2.054983999999999977e-02 1.340744999999999958e-03 7.714991000000000210e-02 -9.893389999999999684e-01 1.407220000000000137e-01 -3.681809999999999944e-02
-2.068272000000000166e-02 -2.606078999999999861e-03 7.902776999999999719e-02 -9.936739999999999462e-01 -1.104689999999999978e-01 -1.722239999999999882e-02
-2.021643999999999872e-02 -6.092577000000000062e-03 7.871517999999999571e-02 -9.825899999999999634e-01 -1.819479999999999986e-01 -3.400190000000000157e-02
-1.828008999999999884e-02 -1.170472000000000005e-02 8.086045000000000038e-02 -8.808460000000000178e-01 -4.727319999999999856e-01 -2.446819999999999898e-02
-1.620219000000000173e-02 -1.429037000000000016e-02 7.981080000000000119e-02 -7.437620000000000342e-01 -6.678809999999999469e-01 -2.244080000000000033e-02
-8.941398999999999181e-03 -1.997194000000000053e-02 7.720934999999999604e-02 -4.196289999999999742e-01 -9.072879999999999834e-01 -2.403529999999999903e-02
-1.492017999999999990e-02 -1.580004000000000131e-02 7.638884999999999426e-02 -7.117050000000000320e-01 -7.007409999999999473e-01 -4.221810000000000146e-02
-1.918610000000000107e-02 -9.530040000000000039e-03 7.859188000000000285e-02 -9.114050000000000207e-01 -4.045579999999999732e-01 -7.523699999999999832e-02
-1.606880000000000114e-02 -6.905355999999999647e-03 8.726828000000000363e-02 2.505780000000000160e-02 2.431089999999999987e-02 9.993720000000000381e-01
-1.721193000000000028e-02 -1.300038000000000062e-02 7.678736999999999369e-02 -8.195360000000000422e-01 -5.716569999999999707e-01 -3.581539999999999724e-02
-8.628329000000000554e-03 -7.978357000000000157e-03 9.950649000000000299e-02 -7.299360000000000293e-01 -6.189040000000000097e-01 2.890550000000000064e-01
1.208115000000000057e-03 -2.161478999999999831e-02 7.895494000000000123e-02 1.164170000000000066e-01 -9.916369999999999907e-01 -5.490300000000000041e-02
6.681707000000000271e-03 7.321082999999999931e-03 9.449591000000000240e-02 6.369920000000000027e-01 7.521290000000000475e-01 1.687210000000000099e-01
-1.098662000000000076e-02 -1.234494999999999950e-03 9.959224999999999328e-02 -9.755859999999999532e-01 1.212459999999999927e-02 2.188170000000000115e-01
-1.038619000000000001e-02 3.180612000000000196e-03 9.746119000000000310e-02 -8.829930000000000279e-01 4.229180000000000161e-01 2.031789999999999985e-01
-1.919401000000000093e-02 5.206416999999999642e-03 7.484364999999999768e-02 -8.144310000000000160e-01 2.957870000000000221e-01 -4.989779999999999771e-01
-1.018813000000000010e-02 6.543316000000000410e-03 8.920959000000000527e-02 -7.478669999999999485e-01 5.664479999999999515e-01 3.425710000000000144e-01
-1.111216999999999934e-02 -5.211137000000000234e-03 9.558149000000000506e-02 -9.134120000000000017e-01 -3.554470000000000129e-01 1.981769999999999921e-01
-1.144246999999999929e-03 -2.159907999999999967e-02 7.608515000000000417e-02 -7.689180000000000537e-04 -9.952410000000000423e-01 -9.362689999999999901e-02
1.061117999999999957e-02 -2.190493999999999861e-03 9.487154000000000420e-02 9.780069999999999597e-01 -7.560310000000000641e-02 1.941229999999999900e-01
-9.625045999999999949e-03 -9.508640999999999968e-03 9.060469999999999635e-02 -8.023660000000000236e-01 -5.598170000000000091e-01 2.045790000000000108e-01
