1.688267827033996582e+00
3.411936461925506592e-01
1.642670869827270508e+00
1.469815492630004883e+00
1.550124645233154297e+00
1.341366171836853027e+00
1.545464634895324707e+00
1.653620362281799316e+00
1.548898220062255859e+00
1.610739827156066895e+00
3.032624721527099609e-01
1.649855613708496094e+00
1.687711834907531738e+00
1.344977140426635742e+00
2.829006612300872803e-01
1.445703387260437012e+00
1.531033754348754883e+00
1.520681858062744141e+00
1.507541775703430176e+00
1.594840288162231445e+00
1.654318213462829590e+00
3.130156993865966797e-01
7.496322393417358398e-01
1.046091794967651367e+00
1.069208860397338867e+00
1.231509923934936523e+00
1.760156273841857910e+00
3.479507267475128174e-01
7.134431004524230957e-01
1.009998559951782227e+00
1.263288259506225586e+00
1.482481241226196289e+00
3.143227100372314453e-01
1.321236491203308105e+00
3.251259624958038330e-01
1.643844962120056152e+00
1.345363974571228027e+00
1.457777261734008789e+00
1.454248189926147461e+00
1.656961560249328613e+00
3.245958089828491211e-01
8.135135173797607422e-01
9.098636507987976074e-01
8.654832839965820312e-01
1.177837848663330078e+00
1.198315382003784180e+00
1.291133522987365723e+00
1.167898535728454590e+00
1.085804104804992676e+00
1.157465934753417969e+00
1.067137718200683594e+00
6.759433150291442871e-01
1.076990365982055664e+00
1.001798868179321289e+00
6.687952876091003418e-01
9.947524666786193848e-01
1.134451866149902344e+00
1.182626605033874512e+00
1.184685826301574707e+00
1.288580179214477539e+00
1.206536293029785156e+00
9.380978345870971680e-01
1.637944459915161133e+00
1.359099626541137695e+00
1.444818139076232910e+00
1.038880109786987305e+00
9.670411348342895508e-01
1.670665621757507324e+00
7.107704281806945801e-01
1.399437427520751953e+00
1.661222577095031738e+00
1.618771195411682129e+00
1.496593475341796875e+00
2.796343266963958740e-01
3.139193654060363770e-01
9.075155258178710938e-01
6.544476747512817383e-01
1.117394804954528809e+00
7.225528955459594727e-01
1.087177991867065430e+00
3.914073407649993896e-01
3.011446297168731689e-01
8.103919625282287598e-01
7.481758594512939453e-01
1.090860962867736816e+00
1.431384205818176270e+00
1.294073820114135742e+00
3.264218270778656006e-01
1.478618025779724121e+00
1.479884505271911621e+00
1.490480542182922363e+00
1.409048080444335938e+00
1.513059139251708984e+00
1.511816024780273438e+00
1.647411465644836426e+00
1.532561302185058594e+00
1.677223920822143555e+00
1.063539505004882812e+00
3.353563845157623291e-01
1.493602871894836426e+00
1.480111479759216309e+00
1.605877876281738281e+00
1.560353279113769531e+00
1.462443590164184570e+00
1.501381278038024902e+00
1.416227698326110840e+00
1.403764963150024414e+00
1.493332862854003906e+00
1.546792745590209961e+00
1.474552631378173828e+00
1.533962965011596680e+00
1.568667173385620117e+00
1.575075626373291016e+00
1.510732173919677734e+00
1.494990468025207520e+00
1.440769076347351074e+00
1.470659732818603516e+00
3.619566559791564941e-01
1.192942738533020020e+00
1.459536671638488770e+00
1.539776325225830078e+00
1.547575116157531738e+00
1.502767086029052734e+00
7.985696196556091309e-01
1.193660020828247070e+00
1.476219058036804199e+00
1.411857366561889648e+00
1.269684314727783203e+00
1.587609052658081055e+00
1.011080741882324219e+00
1.049958467483520508e+00
1.002700686454772949e+00
1.010935068130493164e+00
9.950973391532897949e-01
1.000458717346191406e+00
1.314584374427795410e+00
3.419283926486968994e-01
1.649909019470214844e+00
1.590258717536926270e+00
1.111137032508850098e+00
3.018028736114501953e-01
1.587490797042846680e+00
1.707850456237792969e+00
1.301280617713928223e+00
1.479003787040710449e+00
1.578078508377075195e+00
1.526981830596923828e+00
1.475981593132019043e+00
3.207757174968719482e-01
6.345166563987731934e-01
9.442703127861022949e-01
9.107936024665832520e-01
1.562242031097412109e+00
1.554045796394348145e+00
1.540937542915344238e+00
1.609352350234985352e+00
1.559393167495727539e+00
1.585178017616271973e+00
1.596322417259216309e+00
1.431153774261474609e+00
1.507871866226196289e+00
1.509209871292114258e+00
1.529945373535156250e+00
1.599059700965881348e+00
1.515501618385314941e+00
1.436700463294982910e+00
1.525071024894714355e+00
1.474402666091918945e+00
1.052202701568603516e+00
1.269661188125610352e+00
1.416641235351562500e+00
1.370804667472839355e+00
6.560937762260437012e-01
9.714485406875610352e-01
1.384798288345336914e+00
1.404849052429199219e+00
1.608074188232421875e+00
1.525964498519897461e+00
1.477700591087341309e+00
1.400151848793029785e+00
1.185472846031188965e+00
1.078858375549316406e+00
1.422856807708740234e+00
1.557133793830871582e+00
1.585578799247741699e+00
1.598052144050598145e+00
1.570660233497619629e+00
1.521296143531799316e+00
1.419844508171081543e+00
1.449391722679138184e+00
1.367261767387390137e+00
1.518667101860046387e+00
1.537395358085632324e+00
1.530598640441894531e+00
1.457343697547912598e+00
1.540841102600097656e+00
1.262844085693359375e+00
9.799142479896545410e-01
1.029867887496948242e+00
9.155669808387756348e-01
1.501264452934265137e+00
1.478009223937988281e+00
9.865494966506958008e-01
9.771870970726013184e-01
1.033105134963989258e+00
9.570724964141845703e-01
9.980105757713317871e-01
1.003297328948974609e+00
1.006297111511230469e+00
1.030575513839721680e+00
9.739270210266113281e-01
1.367305636405944824e+00
1.004909396171569824e+00
1.021866321563720703e+00
1.019038438796997070e+00
1.054498791694641113e+00
1.608687281608581543e+00
1.503456592559814453e+00
1.303393840789794922e+00
9.168596863746643066e-01
1.037037730216979980e+00
1.549759984016418457e+00
9.975372552871704102e-01
1.055419445037841797e+00
1.061323165893554688e+00
1.029799580574035645e+00
1.002552032470703125e+00
1.034671783447265625e+00
1.052048206329345703e+00
1.035215735435485840e+00
1.060684680938720703e+00
1.071969628334045410e+00
1.002195477485656738e+00
1.025217533111572266e+00
9.815462827682495117e-01
1.061870098114013672e+00
1.016813278198242188e+00
1.068932056427001953e+00
1.001433372497558594e+00
1.063961744308471680e+00
1.063807487487792969e+00
1.064794540405273438e+00
1.019664049148559570e+00
1.020397901535034180e+00
1.518343925476074219e+00
1.051922082901000977e+00
1.027147889137268066e+00
1.016776561737060547e+00
1.388375520706176758e+00
1.086691737174987793e+00
1.139951229095458984e+00
9.469367265701293945e-01
1.026144504547119141e+00
1.010936737060546875e+00
9.694598913192749023e-01
1.067627906799316406e+00
9.679023623466491699e-01
9.960721731185913086e-01
9.957520961761474609e-01
1.322355151176452637e+00
9.897336363792419434e-01
1.056350708007812500e+00
1.011058688163757324e+00
1.032354116439819336e+00
1.012261390686035156e+00
1.035098075866699219e+00
9.664429426193237305e-01
1.023375272750854492e+00
1.085069060325622559e+00
1.047661066055297852e+00
1.040305137634277344e+00
1.120151638984680176e+00
1.031550407409667969e+00
1.053083419799804688e+00
1.065124273300170898e+00
1.030703067779541016e+00
1.037908077239990234e+00
1.042728900909423828e+00
1.016582727432250977e+00
1.004675865173339844e+00
1.035143375396728516e+00
9.186040163040161133e-01
8.549197912216186523e-01
1.017089366912841797e+00
9.979884028434753418e-01
1.069297671318054199e+00
1.064747452735900879e+00
9.592572450637817383e-01
1.008561849594116211e+00
1.021189212799072266e+00
1.068326234817504883e+00
1.050759315490722656e+00
8.726902008056640625e-01
9.025708436965942383e-01
8.975841999053955078e-01
9.903728961944580078e-01
8.401528596878051758e-01
9.330193996429443359e-01
9.648897051811218262e-01
9.487866163253784180e-01
9.930042624473571777e-01
1.018936753273010254e+00
1.065867543220520020e+00
8.565634489059448242e-01
1.023022890090942383e+00
1.007632493972778320e+00
1.015384793281555176e+00
1.069513082504272461e+00
9.882723689079284668e-01
1.034251928329467773e+00
1.036134243011474609e+00
1.004588365554809570e+00
1.033256053924560547e+00
1.040436744689941406e+00
1.025613784790039062e+00
9.996863007545471191e-01
1.017356395721435547e+00
1.038005948066711426e+00
1.072809934616088867e+00
1.041964054107666016e+00
1.050907373428344727e+00
1.081920146942138672e+00
1.353534221649169922e+00
1.538823008537292480e+00
1.577656507492065430e+00
1.621905326843261719e+00
1.618897914886474609e+00
1.550002813339233398e+00
1.317406654357910156e+00
1.335301280021667480e+00
1.378235936164855957e+00
1.001807570457458496e+00
1.024795055389404297e+00
1.064288616180419922e+00
1.088888764381408691e+00
1.033365964889526367e+00
1.341925144195556641e+00
1.035505175590515137e+00
1.013335585594177246e+00
1.066504120826721191e+00
9.907404780387878418e-01
1.090430974960327148e+00
1.038450717926025391e+00
9.710123538970947266e-01
1.069146633148193359e+00
1.075329899787902832e+00
1.070859670639038086e+00
1.074106097221374512e+00
1.049533605575561523e+00
1.039769887924194336e+00
1.027192711830139160e+00
1.025304317474365234e+00
1.025864362716674805e+00
9.841316938400268555e-01
1.024805545806884766e+00
9.923244118690490723e-01
1.527883648872375488e+00
1.054001569747924805e+00
1.058277368545532227e+00
1.005331039428710938e+00
9.778948426246643066e-01
1.430783867835998535e+00
1.545234322547912598e+00
1.471044421195983887e+00
1.396705389022827148e+00
1.140583634376525879e+00
9.100573658943176270e-01
1.207895398139953613e+00
1.196571469306945801e+00
9.232682585716247559e-01
1.038099050521850586e+00
1.027829885482788086e+00
1.076407909393310547e+00
1.011153697967529297e+00
1.023904561996459961e+00
1.026547670364379883e+00
9.702377915382385254e-01
9.716591238975524902e-01
1.023011207580566406e+00
1.018822073936462402e+00
1.015135407447814941e+00
1.000641345977783203e+00
9.770187139511108398e-01
1.031635046005249023e+00
9.884629249572753906e-01
1.005681276321411133e+00
1.060609340667724609e+00
1.015437364578247070e+00
1.018141746520996094e+00
1.000257730484008789e+00
1.003609895706176758e+00
9.871631860733032227e-01
9.725076556205749512e-01
9.947138428688049316e-01
9.812951683998107910e-01
9.976185560226440430e-01
1.033232331275939941e+00
9.681666493415832520e-01
9.629724025726318359e-01
1.037736415863037109e+00
9.242023825645446777e-01
1.046034336090087891e+00
9.449617266654968262e-01
1.059674143791198730e+00
1.000715613365173340e+00
1.057654142379760742e+00
1.004171490669250488e+00
7.323626875877380371e-01
7.386713624000549316e-01
1.035514235496520996e+00
7.567858099937438965e-01
9.130550026893615723e-01
7.972631454467773438e-01
1.009953498840332031e+00
9.431694149971008301e-01
8.292604088783264160e-01
8.194289803504943848e-01
1.079828381538391113e+00
9.264366030693054199e-01
1.023009777069091797e+00
1.063252210617065430e+00
1.031255841255187988e+00
1.072435259819030762e+00
1.051853895187377930e+00
9.057851433753967285e-01
1.020035743713378906e+00
9.623751044273376465e-01
1.063247919082641602e+00
1.020952701568603516e+00
1.028487682342529297e+00
9.402328133583068848e-01
1.014726161956787109e+00
7.657518982887268066e-01
1.018301486968994141e+00
7.893961668014526367e-01
1.017720699310302734e+00
1.044035673141479492e+00
7.761927843093872070e-01
1.030827283859252930e+00
8.134918212890625000e-01
9.030548334121704102e-01
1.014818906784057617e+00
1.014135122299194336e+00
1.100238800048828125e+00
1.058573842048645020e+00
1.038568615913391113e+00
9.852228760719299316e-01
1.063518524169921875e+00
8.069294691085815430e-01
1.051027059555053711e+00
9.697540402412414551e-01
9.498540163040161133e-01
1.074448108673095703e+00
9.442103505134582520e-01
9.256809353828430176e-01
1.119381427764892578e+00
9.924262166023254395e-01
1.037145018577575684e+00
9.443494081497192383e-01
8.748319149017333984e-01
1.069362282752990723e+00
1.077785968780517578e+00
9.761450886726379395e-01
1.013466596603393555e+00
8.793027400970458984e-01
1.100211620330810547e+00
7.612515091896057129e-01
9.241976737976074219e-01
9.999252557754516602e-01
8.193357586860656738e-01
9.737337231636047363e-01
3.062925338745117188e-01
1.595517754554748535e+00
1.641877651214599609e+00
1.669392228126525879e+00
1.716421484947204590e+00
1.635790348052978516e+00
9.435575604438781738e-01
9.797319769859313965e-01
9.050465226173400879e-01
1.359056591987609863e+00
1.594680666923522949e+00
1.179304361343383789e+00
1.366095662117004395e+00
1.232119202613830566e+00
1.346499919891357422e+00
1.359086513519287109e+00
1.725589752197265625e+00
3.664997816085815430e-01
6.698293685913085938e-01
9.621723294258117676e-01
1.046614885330200195e+00
9.541606307029724121e-01
9.222615957260131836e-01
8.428794145584106445e-01
9.491550326347351074e-01
6.913380622863769531e-01
9.180898666381835938e-01
1.081960201263427734e+00
1.162292242050170898e+00
1.415649056434631348e+00
1.177424788475036621e+00
3.052034676074981689e-01
4.186435341835021973e-01
7.219891548156738281e-01
9.946185350418090820e-01
8.856955766677856445e-01
1.039737462997436523e+00
1.249170899391174316e+00
1.080322265625000000e+00
6.071318984031677246e-01
8.785217404365539551e-01
6.730298995971679688e-01
1.563108563423156738e+00
1.684347152709960938e+00
1.505879640579223633e+00
1.474532246589660645e+00
1.756972789764404297e+00
1.064455151557922363e+00
1.358838319778442383e+00
1.650655269622802734e+00
1.612887501716613770e+00
1.645406842231750488e+00
4.826409518718719482e-01
5.905982851982116699e-01
1.151678442955017090e+00
1.044457435607910156e+00
8.531331419944763184e-01
1.248259902000427246e+00
9.293538928031921387e-01
1.619756579399108887e+00
9.946715235710144043e-01
7.324168682098388672e-01
9.285994768142700195e-01
1.049697637557983398e+00
1.242718577384948730e+00
1.055341243743896484e+00
4.837486147880554199e-01
8.830932974815368652e-01
1.017072200775146484e+00
1.121740818023681641e+00
9.757003188133239746e-01
3.328044116497039795e-01
6.600576639175415039e-01
9.646789431571960449e-01
1.333889245986938477e+00
1.483401656150817871e+00
1.423800587654113770e+00
1.469031214714050293e+00
1.650148749351501465e+00
1.366116762161254883e+00
2.889698743820190430e-01
1.631871938705444336e+00
1.493421673774719238e+00
1.721247911453247070e+00
1.746371388435363770e+00
1.577708601951599121e+00
3.736367821693420410e-01
1.522197008132934570e+00
7.731917500495910645e-01
1.538988947868347168e+00
4.727461040019989014e-01
5.810933113098144531e-01
8.510774374008178711e-01
1.416775941848754883e+00
1.476190805435180664e+00
1.375317454338073730e+00
1.283798217773437500e+00
3.343939185142517090e-01
6.694869399070739746e-01
6.858401894569396973e-01
6.692705750465393066e-01
1.233689069747924805e+00
1.400189399719238281e+00
4.639775156974792480e-01
8.669878244400024414e-01
1.087879180908203125e+00
8.558628559112548828e-01
1.470338702201843262e+00
1.205884337425231934e+00
1.428279995918273926e+00
1.157206296920776367e+00
1.197545409202575684e+00
1.130285739898681641e+00
1.149669170379638672e+00
7.499737143516540527e-01
8.956366181373596191e-01
1.140641450881958008e+00
1.081257224082946777e+00
9.078925251960754395e-01
1.107063770294189453e+00
1.090940356254577637e+00
1.210628986358642578e+00
1.370169401168823242e+00
5.555967092514038086e-01
7.340117096900939941e-01
8.563623428344726562e-01
9.157237410545349121e-01
1.303493499755859375e+00
1.345712184906005859e+00
1.663355112075805664e+00
1.666697859764099121e+00
1.670653820037841797e+00
1.678100466728210449e+00
1.617269158363342285e+00
1.439415454864501953e+00
1.691303968429565430e+00
1.626875877380371094e+00
1.700484633445739746e+00
6.812266707420349121e-01
1.709303498268127441e+00
1.715459823608398438e+00
1.527798891067504883e+00
1.742477655410766602e+00
5.492204427719116211e-01
8.113298416137695312e-01
8.791961669921875000e-01
2.950859367847442627e-01
8.677624464035034180e-01
1.075372219085693359e+00
1.345642209053039551e+00
1.586766362190246582e+00
1.671342611312866211e+00
1.618567824363708496e+00
1.181091904640197754e+00
1.373042702674865723e+00
3.400049507617950439e-01
4.767633378505706787e-01
1.575833678245544434e+00
1.775375604629516602e+00
4.056112468242645264e-01
5.391268730163574219e-01
8.399309515953063965e-01
1.018823504447937012e+00
5.961989760398864746e-01
9.559631347656250000e-01
1.171074867248535156e+00
8.227882385253906250e-01
7.237126827239990234e-01
1.020516276359558105e+00
5.351055860519409180e-01
7.626462578773498535e-01
8.542513251304626465e-01
6.633087992668151855e-01
1.094852209091186523e+00
1.200087308883666992e+00
1.318175673484802246e+00
1.279811620712280273e+00
1.713480114936828613e+00
1.647727966308593750e+00
1.390733838081359863e+00
1.119255661964416504e+00
1.353177309036254883e+00
1.614462971687316895e+00
1.461753010749816895e+00
9.668425917625427246e-01
1.003245353698730469e+00
9.939724206924438477e-01
8.543885350227355957e-01
9.448488354682922363e-01
1.035546302795410156e+00
8.759953379631042480e-01
8.504835367202758789e-01
1.056972503662109375e+00
1.044271230697631836e+00
1.016300320625305176e+00
1.040356397628784180e+00
1.019722938537597656e+00
1.064982175827026367e+00
9.273949265480041504e-01
8.804832696914672852e-01
1.016058683395385742e+00
1.049800515174865723e+00
1.002070307731628418e+00
9.696153998374938965e-01
1.059787511825561523e+00
1.110406756401062012e+00
9.470204710960388184e-01
9.897962808609008789e-01
1.089117050170898438e+00
1.089016675949096680e+00
1.045062541961669922e+00
9.304364323616027832e-01
1.026969075202941895e+00
9.039322733879089355e-01
1.080462455749511719e+00
9.865533709526062012e-01
1.033118128776550293e+00
1.047489166259765625e+00
1.007412433624267578e+00
1.063295125961303711e+00
1.027276992797851562e+00
1.015815019607543945e+00
1.044144630432128906e+00
1.084316253662109375e+00
1.059325933456420898e+00
1.045279383659362793e+00
1.142542600631713867e+00
1.065467119216918945e+00
9.943759441375732422e-01
1.072358846664428711e+00
1.045961141586303711e+00
9.990494847297668457e-01
9.882181882858276367e-01
1.055113315582275391e+00
1.069792747497558594e+00
1.100320816040039062e+00
1.020082712173461914e+00
9.349507689476013184e-01
1.004794478416442871e+00
1.057218551635742188e+00
8.742830753326416016e-01
6.346449851989746094e-01
9.170349240303039551e-01
1.192513346672058105e+00
8.632913231849670410e-01
1.039162635803222656e+00
1.092696189880371094e+00
8.639860153198242188e-01
1.067320942878723145e+00
1.103208899497985840e+00
9.251959919929504395e-01
1.030272960662841797e+00
1.007454156875610352e+00
9.293571114540100098e-01
9.792304039001464844e-01
9.465237855911254883e-01
9.357582330703735352e-01
8.967902660369873047e-01
8.803370594978332520e-01
1.026959657669067383e+00
9.960157275199890137e-01
1.072804450988769531e+00
1.009142875671386719e+00
1.055999159812927246e+00
9.441767930984497070e-01
9.650807380676269531e-01
1.028215169906616211e+00
1.040999412536621094e+00
9.697355628013610840e-01
9.692081212997436523e-01
1.039965271949768066e+00
9.896763563156127930e-01
1.008242130279541016e+00
1.053870439529418945e+00
1.032874703407287598e+00
9.939296841621398926e-01
1.066421151161193848e+00
1.035317659378051758e+00
1.074924349784851074e+00
9.952448606491088867e-01
1.104770660400390625e+00
9.916942715644836426e-01
1.041401624679565430e+00
1.113032937049865723e+00
8.425093889236450195e-01
1.095110893249511719e+00
9.586030840873718262e-01
8.054805994033813477e-01
6.867861151695251465e-01
1.026347637176513672e+00
1.055667996406555176e+00
9.291632175445556641e-01
1.090987324714660645e+00
7.456526756286621094e-01
8.985915780067443848e-01
1.020064115524291992e+00
1.054261565208435059e+00
1.004194736480712891e+00
1.042970180511474609e+00
1.014622092247009277e+00
1.040788054466247559e+00
8.923353552818298340e-01
1.015388250350952148e+00
7.543160915374755859e-01
9.642964005470275879e-01
7.515836358070373535e-01
1.069644927978515625e+00
1.026141643524169922e+00
9.560103416442871094e-01
8.895806670188903809e-01
9.655087590217590332e-01
1.040706276893615723e+00
9.889135360717773438e-01
1.011172056198120117e+00
1.076642394065856934e+00
8.819788098335266113e-01
9.758548736572265625e-01
1.063559770584106445e+00
1.118490934371948242e+00
1.050258517265319824e+00
1.052174448966979980e+00
1.063784360885620117e+00
8.999416232109069824e-01
1.134281039237976074e+00
1.154089331626892090e+00
1.124940156936645508e+00
1.130108237266540527e+00
1.145058035850524902e+00
1.119842529296875000e+00
8.493856787681579590e-01
1.052024126052856445e+00
1.081055283546447754e+00
1.105180621147155762e+00
8.901590704917907715e-01
9.455286860466003418e-01
1.090980887413024902e+00
1.055591106414794922e+00
7.535673975944519043e-01
7.995483279228210449e-01
1.068839788436889648e+00
8.473745584487915039e-01
1.037159442901611328e+00
8.084239959716796875e-01
1.020484209060668945e+00
9.310584068298339844e-01
9.234159588813781738e-01
1.049854755401611328e+00
1.081416487693786621e+00
1.018402576446533203e+00
7.482077479362487793e-01
1.021415233612060547e+00
1.079628705978393555e+00
7.338367104530334473e-01
1.001581668853759766e+00
1.075913906097412109e+00
8.588147163391113281e-01
6.833915114402770996e-01
1.077372670173645020e+00
1.006159543991088867e+00
1.051620006561279297e+00
1.017657995223999023e+00
8.456548452377319336e-01
1.042825698852539062e+00
9.975251555442810059e-01
1.078854441642761230e+00
8.301584124565124512e-01
1.080865263938903809e+00
9.646148085594177246e-01
1.013459444046020508e+00
1.028244018554687500e+00
9.467293620109558105e-01
1.055565118789672852e+00
1.072899699211120605e+00
1.018622875213623047e+00
1.156238079071044922e+00
9.771494269371032715e-01
8.020645380020141602e-01
9.778609275817871094e-01
1.096654891967773438e+00
1.012779474258422852e+00
1.066716670989990234e+00
9.830818176269531250e-01
9.498056173324584961e-01
1.114213943481445312e+00
9.853451251983642578e-01
1.017625331878662109e+00
9.520490169525146484e-01
9.907028675079345703e-01
1.062893390655517578e+00
1.080605387687683105e+00
1.102192401885986328e+00
1.048371076583862305e+00
8.033799529075622559e-01
1.083321928977966309e+00
8.502117395401000977e-01
6.936308145523071289e-01
1.007798910140991211e+00
1.011238098144531250e+00
9.178841114044189453e-01
7.401493191719055176e-01
1.043261170387268066e+00
8.268061280250549316e-01
1.054849505424499512e+00
8.659175038337707520e-01
1.005374670028686523e+00
9.213928580284118652e-01
9.857654571533203125e-01
8.213444948196411133e-01
8.426955342292785645e-01
1.085446119308471680e+00
8.999218344688415527e-01
8.383162021636962891e-01
1.059238910675048828e+00
1.056305408477783203e+00
1.067933320999145508e+00
1.030274152755737305e+00
1.084685325622558594e+00
9.634150266647338867e-01
1.147472739219665527e+00
7.586951255798339844e-01
1.098304986953735352e+00
1.091173529624938965e+00
8.770895004272460938e-01
1.106402635574340820e+00
9.017809033393859863e-01
1.096625447273254395e+00
1.087825417518615723e+00
9.032371044158935547e-01
1.120826244354248047e+00
9.810647368431091309e-01
8.927640318870544434e-01
8.754685521125793457e-01
7.832630872726440430e-01
1.084172248840332031e+00
8.318360447883605957e-01
1.055787086486816406e+00
7.999379038810729980e-01
1.052082777023315430e+00
9.899722337722778320e-01
9.307915568351745605e-01
1.038347005844116211e+00
1.057290673255920410e+00
9.754132032394409180e-01
9.942757487297058105e-01
1.003577947616577148e+00
1.020783424377441406e+00
1.058844566345214844e+00
1.006278991699218750e+00
1.075016021728515625e+00
1.049796581268310547e+00
1.064005374908447266e+00
9.875608682632446289e-01
1.024419665336608887e+00
1.026967287063598633e+00
1.038816094398498535e+00
1.095437169075012207e+00
1.061918616294860840e+00
1.066600322723388672e+00
1.048674345016479492e+00
8.143039345741271973e-01
1.068361997604370117e+00
8.634454607963562012e-01
8.185759782791137695e-01
8.693780303001403809e-01
1.028057098388671875e+00
1.114940166473388672e+00
8.641487956047058105e-01
8.106502890586853027e-01
1.008722186088562012e+00
9.920270442962646484e-01
1.053690791130065918e+00
8.626616001129150391e-01
1.071034073829650879e+00
9.514522552490234375e-01
1.038457155227661133e+00
1.016275405883789062e+00
1.072166085243225098e+00
1.015304803848266602e+00
9.540361762046813965e-01
1.110399723052978516e+00
9.462665915489196777e-01
9.610845446586608887e-01
1.030737757682800293e+00
9.382511973381042480e-01
1.022163152694702148e+00
9.484282732009887695e-01
9.180330038070678711e-01
9.287159442901611328e-01
1.103576302528381348e+00
1.023536801338195801e+00
1.085552453994750977e+00
1.003976583480834961e+00
9.796472787857055664e-01
7.019909024238586426e-01
1.133587121963500977e+00
1.069769501686096191e+00
9.840763211250305176e-01
1.022897958755493164e+00
1.004234790802001953e+00
9.923415780067443848e-01
8.867331743240356445e-01
1.040864586830139160e+00
9.862869381904602051e-01
1.020551681518554688e+00
1.079124689102172852e+00
1.102790355682373047e+00
8.104585409164428711e-01
9.173614382743835449e-01
6.910293698310852051e-01
1.154166936874389648e+00
1.004081845283508301e+00
9.765725135803222656e-01
1.120208024978637695e+00
9.639163613319396973e-01
7.598154544830322266e-01
1.069012403488159180e+00
1.113469600677490234e+00
1.060780405998229980e+00
9.390488266944885254e-01
1.067059874534606934e+00
8.269912600517272949e-01
1.109771013259887695e+00
8.811808824539184570e-01
1.056348204612731934e+00
1.025744795799255371e+00
1.040081620216369629e+00
9.707034230232238770e-01
9.179009199142456055e-01
9.469844698905944824e-01
1.070990204811096191e+00
8.108348250389099121e-01
1.028911352157592773e+00
9.782097935676574707e-01
1.095073580741882324e+00
9.565296769142150879e-01
9.912701845169067383e-01
1.109596848487854004e+00
1.098952770233154297e+00
9.932558536529541016e-01
1.088433742523193359e+00
1.071534156799316406e+00
8.547476530075073242e-01
1.076647400856018066e+00
1.124861478805541992e+00
1.025623321533203125e+00
1.031140565872192383e+00
1.003670454025268555e+00
1.066784620285034180e+00
8.894982337951660156e-01
1.065078973770141602e+00
9.949440360069274902e-01
9.346457719802856445e-01
1.051884412765502930e+00
1.012172818183898926e+00
1.004954576492309570e+00
1.033283829689025879e+00
9.986960887908935547e-01
1.088255167007446289e+00
1.067388653755187988e+00
1.023168325424194336e+00
1.020358681678771973e+00
1.077435135841369629e+00
9.932577610015869141e-01
1.034212112426757812e+00
9.790202975273132324e-01
8.161641359329223633e-01
9.291207790374755859e-01
1.100150942802429199e+00
8.522263765335083008e-01
1.153564929962158203e+00
1.037027359008789062e+00
1.063328504562377930e+00
1.004522919654846191e+00
1.048217773437500000e+00
1.020850181579589844e+00
1.155836105346679688e+00
1.003285169601440430e+00
1.010353684425354004e+00
1.041574120521545410e+00
1.005297422409057617e+00
9.875308275222778320e-01
1.021852493286132812e+00
1.032259702682495117e+00
9.966763854026794434e-01
9.800719618797302246e-01
1.077362298965454102e+00
1.035204887390136719e+00
1.028604865074157715e+00
1.024202108383178711e+00
1.087070822715759277e+00
9.868820309638977051e-01
1.051349401473999023e+00
1.044435739517211914e+00
1.052819252014160156e+00
9.322479367256164551e-01
1.114356994628906250e+00
9.116962552070617676e-01
9.691185951232910156e-01
8.215445876121520996e-01
8.590836524963378906e-01
1.061631202697753906e+00
1.063046693801879883e+00
7.590133547782897949e-01
1.047111034393310547e+00
1.079939603805541992e+00
1.066341042518615723e+00
1.055896997451782227e+00
1.118906736373901367e+00
1.164683341979980469e+00
1.160384535789489746e+00
8.457068204879760742e-01
9.680951833724975586e-01
1.063868522644042969e+00
9.971294999122619629e-01
1.058775663375854492e+00
1.121619462966918945e+00
1.081778764724731445e+00
8.178275823593139648e-01
9.173139333724975586e-01
1.089687943458557129e+00
1.058316946029663086e+00
1.042662382125854492e+00
9.740106463432312012e-01
1.084152221679687500e+00
1.036404013633728027e+00
1.084525942802429199e+00
1.008096933364868164e+00
1.047983884811401367e+00
9.858489036560058594e-01
1.007150411605834961e+00
1.010744333267211914e+00
1.148200392723083496e+00
7.359952926635742188e-01
1.170283317565917969e+00
9.279232025146484375e-01
1.026425123214721680e+00
9.488107562065124512e-01
9.538567662239074707e-01
7.096706032752990723e-01
1.037442088127136230e+00
9.244052767753601074e-01
9.485720992088317871e-01
1.054448127746582031e+00
9.909831285476684570e-01
9.344124794006347656e-01
1.051766395568847656e+00
9.980168342590332031e-01
1.082533836364746094e+00
7.725942730903625488e-01
1.031284809112548828e+00
8.692983388900756836e-01
8.671281933784484863e-01
1.023479938507080078e+00
9.369848370552062988e-01
9.796878099441528320e-01
9.398856163024902344e-01
9.810282588005065918e-01
1.009736061096191406e+00
1.047819256782531738e+00
1.047213554382324219e+00
9.389327764511108398e-01
1.038826704025268555e+00
1.051598072052001953e+00
8.237932324409484863e-01
1.115821957588195801e+00
1.125589370727539062e+00
1.016785860061645508e+00
1.009943485260009766e+00
9.956232905387878418e-01
1.063375234603881836e+00
1.182391166687011719e+00
1.066165924072265625e+00
1.181773900985717773e+00
1.027045011520385742e+00
1.034830331802368164e+00
1.072717308998107910e+00
1.050099849700927734e+00
7.995301485061645508e-01
1.093346595764160156e+00
1.046346306800842285e+00
1.097151875495910645e+00
1.119843482971191406e+00
1.066188097000122070e+00
1.023846626281738281e+00
1.003369331359863281e+00
1.017478704452514648e+00
9.954150915145874023e-01
1.068537831306457520e+00
9.750007987022399902e-01
8.780395388603210449e-01
1.006006956100463867e+00
1.060433864593505859e+00
8.491764068603515625e-01
1.074260592460632324e+00
9.461670517921447754e-01
1.054717779159545898e+00
9.950752258300781250e-01
9.747651815414428711e-01
1.026787996292114258e+00
9.660120606422424316e-01
8.837750554084777832e-01
7.636879086494445801e-01
9.824383854866027832e-01
8.094121217727661133e-01
1.003299117088317871e+00
8.366616368293762207e-01
1.031470775604248047e+00
8.833040595054626465e-01
1.188281059265136719e+00
1.118180751800537109e+00
1.091169357299804688e+00
1.139474511146545410e+00
8.711820244789123535e-01
1.104578614234924316e+00
1.033299803733825684e+00
1.179809927940368652e+00
1.003872156143188477e+00
9.731718301773071289e-01
1.014322876930236816e+00
1.068717718124389648e+00
1.049829244613647461e+00
9.080072045326232910e-01
9.235944747924804688e-01
1.095183253288269043e+00
1.101900577545166016e+00
1.049823284149169922e+00
9.844172596931457520e-01
9.483739137649536133e-01
1.049074888229370117e+00
1.031556010246276855e+00
1.083520293235778809e+00
1.169994831085205078e+00
1.129919171333312988e+00
1.093309402465820312e+00
1.102474570274353027e+00
9.994415640830993652e-01
8.679134845733642578e-01
7.994844317436218262e-01
8.208780884742736816e-01
1.088573694229125977e+00
1.079575777053833008e+00
9.946207404136657715e-01
1.021824955940246582e+00
1.002226471900939941e+00
9.287765026092529297e-01
1.120140671730041504e+00
1.001168012619018555e+00
1.015220165252685547e+00
9.943076372146606445e-01
7.715083360671997070e-01
1.077793717384338379e+00
9.885480403900146484e-01
8.317533731460571289e-01
1.105215430259704590e+00
1.098812103271484375e+00
1.098250865936279297e+00
1.035964727401733398e+00
9.300189614295959473e-01
1.020121097564697266e+00
1.088069558143615723e+00
1.048835754394531250e+00
8.681728243827819824e-01
1.148489236831665039e+00
1.051690578460693359e+00
1.012398123741149902e+00
1.072297573089599609e+00
7.596650719642639160e-01
1.046170234680175781e+00
8.837166428565979004e-01
1.081864595413208008e+00
1.064950108528137207e+00
9.521364569664001465e-01
1.033113360404968262e+00
9.655057787895202637e-01
9.793840646743774414e-01
9.716418385505676270e-01
1.032659649848937988e+00
1.071896076202392578e+00
1.125708580017089844e+00
9.704531431198120117e-01
1.000443935394287109e+00
1.060562252998352051e+00
1.072587251663208008e+00
9.973418712615966797e-01
9.833078384399414062e-01
1.059373140335083008e+00
9.056595563888549805e-01
7.760406732559204102e-01
9.619932174682617188e-01
1.112631559371948242e+00
1.079201459884643555e+00
1.111419796943664551e+00
9.628416299819946289e-01
1.123309969902038574e+00
1.116369724273681641e+00
1.029219627380371094e+00
1.019379854202270508e+00
1.056244373321533203e+00
7.684875130653381348e-01
8.180438280105590820e-01
9.741530418395996094e-01
8.712235093116760254e-01
1.008625984191894531e+00
8.741505742073059082e-01
8.476523160934448242e-01
9.396591782569885254e-01
8.256220817565917969e-01
8.240755796432495117e-01
9.460082054138183594e-01
9.334087371826171875e-01
1.023253917694091797e+00
1.016923904418945312e+00
1.021239519119262695e+00
1.064701080322265625e+00
1.049508213996887207e+00
1.000066399574279785e+00
1.039387226104736328e+00
9.556003212928771973e-01
1.020091056823730469e+00
1.024551630020141602e+00
9.109430313110351562e-01
1.004961967468261719e+00
7.223104834556579590e-01
1.088429927825927734e+00
1.048504590988159180e+00
1.019822239875793457e+00
1.053014993667602539e+00
8.338108658790588379e-01
1.084793090820312500e+00
1.037153363227844238e+00
1.035743713378906250e+00
1.101591467857360840e+00
1.076878070831298828e+00
1.095818281173706055e+00
9.946364164352416992e-01
1.059253811836242676e+00
1.088666439056396484e+00
9.962074756622314453e-01
1.051985859870910645e+00
1.039503574371337891e+00
1.121372938156127930e+00
1.102934241294860840e+00
1.112016916275024414e+00
1.136647939682006836e+00
1.030304551124572754e+00
1.006979942321777344e+00
6.948133707046508789e-01
7.711377739906311035e-01
9.991479516029357910e-01
9.240171909332275391e-01
1.055239677429199219e+00
1.036671876907348633e+00
1.110240459442138672e+00
1.030330896377563477e+00
1.107117176055908203e+00
9.723355174064636230e-01
1.082854628562927246e+00
1.075538039207458496e+00
7.758705615997314453e-01
7.088789939880371094e-01
1.075128316879272461e+00
7.367896437644958496e-01
9.683952331542968750e-01
1.041260242462158203e+00
1.086473822593688965e+00
1.138016819953918457e+00
1.130079746246337891e+00
1.013725757598876953e+00
1.039156198501586914e+00
8.363107442855834961e-01
1.104154348373413086e+00
7.726795077323913574e-01
1.028234243392944336e+00
8.954075574874877930e-01
1.003399133682250977e+00
9.698419570922851562e-01
1.025309085845947266e+00
1.079069614410400391e+00
1.081586360931396484e+00
9.572826623916625977e-01
1.029387354850769043e+00
9.955918788909912109e-01
9.476674199104309082e-01
9.914282560348510742e-01
1.062240600585937500e+00
1.069891571998596191e+00
9.603146910667419434e-01
8.392564654350280762e-01
9.888945221900939941e-01
8.759291172027587891e-01
9.957339167594909668e-01
1.023614168167114258e+00
9.753013253211975098e-01
1.017192125320434570e+00
9.934030771255493164e-01
1.021684885025024414e+00
1.011373043060302734e+00
1.060362577438354492e+00
1.014788985252380371e+00
1.083838224411010742e+00
1.015103340148925781e+00
9.794512987136840820e-01
1.123138666152954102e+00
9.061860442161560059e-01
9.303732514381408691e-01
1.091490745544433594e+00
1.023459911346435547e+00
1.028099417686462402e+00
7.640076875686645508e-01
1.075122594833374023e+00
1.084056735038757324e+00
1.105965018272399902e+00
1.150665521621704102e+00
8.458839058876037598e-01
1.105681419372558594e+00
8.385721445083618164e-01
1.023035645484924316e+00
1.017819285392761230e+00
9.655306339263916016e-01
1.025676488876342773e+00
1.022962808609008789e+00
1.026274204254150391e+00
9.614042639732360840e-01
9.901722073554992676e-01
1.008813738822937012e+00
1.010060787200927734e+00
1.077261686325073242e+00
1.042981743812561035e+00
1.022569179534912109e+00
9.886577725410461426e-01
1.078064441680908203e+00
1.062388896942138672e+00
1.036257028579711914e+00
9.962306618690490723e-01
9.743670225143432617e-01
1.023344635963439941e+00
1.039883971214294434e+00
9.672784805297851562e-01
1.076666355133056641e+00
1.044024944305419922e+00
1.037879943847656250e+00
1.060550451278686523e+00
9.963570833206176758e-01
1.049599289894104004e+00
1.061084508895874023e+00
1.048949480056762695e+00
9.112513661384582520e-01
9.314742684364318848e-01
9.449066519737243652e-01
1.081251978874206543e+00
9.231777787208557129e-01
1.045453786849975586e+00
1.044699430465698242e+00
1.052765369415283203e+00
9.438108801841735840e-01
1.025716423988342285e+00
1.019109964370727539e+00
9.234627485275268555e-01
1.088157415390014648e+00
9.760888814926147461e-01
9.744104146957397461e-01
1.038426876068115234e+00
1.011747717857360840e+00
1.068798065185546875e+00
8.506524562835693359e-01
1.032006025314331055e+00
9.957672953605651855e-01
9.802072644233703613e-01
1.043844938278198242e+00
1.045305848121643066e+00
1.048654675483703613e+00
1.099143385887145996e+00
8.511939644813537598e-01
1.054941534996032715e+00
8.879751563072204590e-01
1.000484466552734375e+00
1.017867088317871094e+00
1.042715072631835938e+00
1.000553369522094727e+00
9.191241860389709473e-01
1.006031274795532227e+00
9.938690662384033203e-01
1.200742721557617188e+00
1.362520217895507812e+00
9.815744161605834961e-01
9.052133560180664062e-01
1.159704566001892090e+00
1.392338514328002930e+00
1.394562721252441406e+00
1.624163985252380371e+00
1.225447535514831543e+00
8.491489291191101074e-01
9.786834716796875000e-01
1.100571870803833008e+00
1.138333797454833984e+00
1.418466925621032715e+00
7.932576537132263184e-01
1.117272615432739258e+00
1.067556977272033691e+00
1.643647670745849609e+00
1.515138149261474609e+00
1.460606098175048828e+00
1.350828409194946289e+00
9.657256007194519043e-01
9.191508293151855469e-01
8.616766929626464844e-01
9.718933701515197754e-01
9.853741526603698730e-01
9.589718580245971680e-01
9.935125112533569336e-01
1.023866653442382812e+00
9.811399579048156738e-01
1.078731060028076172e+00
1.020069003105163574e+00
9.817550182342529297e-01
1.056453466415405273e+00
1.088516950607299805e+00
9.671362638473510742e-01
8.016412258148193359e-01
1.031447529792785645e+00
1.044988155364990234e+00
1.028702735900878906e+00
9.661254882812500000e-01
9.424739480018615723e-01
9.781242609024047852e-01
1.073615550994873047e+00
1.018269896507263184e+00
1.040603637695312500e+00
9.762125611305236816e-01
1.070386409759521484e+00
1.035070180892944336e+00
9.832558631896972656e-01
9.549124836921691895e-01
9.733546376228332520e-01
1.004446744918823242e+00
9.904670119285583496e-01
1.010919451713562012e+00
1.051271677017211914e+00
1.037336468696594238e+00
1.047386527061462402e+00
1.058122634887695312e+00
1.059730410575866699e+00
1.000148534774780273e+00
1.000684738159179688e+00
1.024507522583007812e+00
9.491643905639648438e-01
8.641580939292907715e-01
1.038601636886596680e+00
1.062652587890625000e+00
1.051219701766967773e+00
1.077384948730468750e+00
1.037024378776550293e+00
1.002543449401855469e+00
1.009737610816955566e+00
1.027730226516723633e+00
1.076662778854370117e+00
1.084491610527038574e+00
1.029171466827392578e+00
1.051622509956359863e+00
1.034532785415649414e+00
1.058498620986938477e+00
1.097238302230834961e+00
1.040541648864746094e+00
1.035266160964965820e+00
9.651201963424682617e-01
1.048483729362487793e+00
1.015032887458801270e+00
1.025397896766662598e+00
1.040106534957885742e+00
1.037651777267456055e+00
1.053047657012939453e+00
9.622895717620849609e-01
1.262220621109008789e+00
1.258635759353637695e+00
1.376012086868286133e+00
1.405544996261596680e+00
1.245055675506591797e+00
1.065860509872436523e+00
1.150112271308898926e+00
1.406061291694641113e+00
1.094595193862915039e+00
1.037583589553833008e+00
1.168506741523742676e+00
1.206378340721130371e+00
1.188098192214965820e+00
1.020575284957885742e+00
9.536583423614501953e-01
1.012593626976013184e+00
9.463036656379699707e-01
7.946567535400390625e-01
8.698415756225585938e-01
9.868460297584533691e-01
1.011370301246643066e+00
1.035534381866455078e+00
1.058515191078186035e+00
8.468106389045715332e-01
1.238600254058837891e+00
1.037593126296997070e+00
9.373202323913574219e-01
1.335335493087768555e+00
1.362927436828613281e+00
1.350367069244384766e+00
1.083833456039428711e+00
1.252239346504211426e+00
1.213579893112182617e+00
1.093681812286376953e+00
8.535896539688110352e-01
1.043135523796081543e+00
9.431319236755371094e-01
9.237032532691955566e-01
9.266743063926696777e-01
1.059685230255126953e+00
9.876108765602111816e-01
1.043780326843261719e+00
1.017426490783691406e+00
9.995923042297363281e-01
1.011137723922729492e+00
9.581010937690734863e-01
1.007421731948852539e+00
1.045942306518554688e+00
1.037819266319274902e+00
1.014704585075378418e+00
1.014258384704589844e+00
1.049880743026733398e+00
1.069669485092163086e+00
9.377934336662292480e-01
8.117222785949707031e-01
9.973734021186828613e-01
9.563003778457641602e-01
1.015436053276062012e+00
1.050028800964355469e+00
1.062942504882812500e+00
1.080844998359680176e+00
1.001128077507019043e+00
1.035384297370910645e+00
9.921314120292663574e-01
9.979473352432250977e-01
9.439759254455566406e-01
1.014625430107116699e+00
1.044522047042846680e+00
1.054975032806396484e+00
1.010676860809326172e+00
9.900830984115600586e-01
1.020065546035766602e+00
9.584264159202575684e-01
9.548574686050415039e-01
8.114169239997863770e-01
9.025260210037231445e-01
1.008697152137756348e+00
9.297125935554504395e-01
9.040711522102355957e-01
9.155081510543823242e-01
7.791771888732910156e-01
1.062630772590637207e+00
1.321003794670104980e+00
1.345846891403198242e+00
1.279114723205566406e+00
1.148398399353027344e+00
9.633558988571166992e-01
9.891943931579589844e-01
1.093333959579467773e+00
9.568248987197875977e-01
9.602424502372741699e-01
9.190194606781005859e-01
1.047887802124023438e+00
1.038051366806030273e+00
9.149575233459472656e-01
1.043322086334228516e+00
1.056682705879211426e+00
1.062958359718322754e+00
1.074486255645751953e+00
9.334213137626647949e-01
8.282306194305419922e-01
1.039132833480834961e+00
1.062725543975830078e+00
1.272477030754089355e+00
1.284336924552917480e+00
1.378731012344360352e+00
1.391158342361450195e+00
1.401361227035522461e+00
1.240613102912902832e+00
1.203712582588195801e+00
1.282405972480773926e+00
1.264189362525939941e+00
1.211625218391418457e+00
1.340874910354614258e+00
1.224832177162170410e+00
1.205788135528564453e+00
1.218410491943359375e+00
1.341976761817932129e+00
1.324591279029846191e+00
1.061570167541503906e+00
1.326951503753662109e+00
1.385505557060241699e+00
1.522348523139953613e+00
1.473286628723144531e+00
1.658529520034790039e+00
1.510255098342895508e+00
1.058407068252563477e+00
1.707774162292480469e+00
1.719898223876953125e+00
1.700773835182189941e+00
1.699313521385192871e+00
1.638707399368286133e+00
1.448009490966796875e+00
1.580048322677612305e+00
1.637104868888854980e+00
1.456935524940490723e+00
1.264017581939697266e+00
9.924136996269226074e-01
7.693626284599304199e-01
9.200267195701599121e-01
1.130405664443969727e+00
1.257008075714111328e+00
1.217756271362304688e+00
1.043151855468750000e+00
1.244176864624023438e+00
1.409688830375671387e+00
1.366312265396118164e+00
1.256492137908935547e+00
1.292848587036132812e+00
1.338032960891723633e+00
1.471235752105712891e+00
1.473320245742797852e+00
1.510413050651550293e+00
1.483903884887695312e+00
1.230656266212463379e+00
1.746279358863830566e+00
1.637244462966918945e+00
1.570597887039184570e+00
1.576960682868957520e+00
1.471422433853149414e+00
1.469158291816711426e+00
8.969876170158386230e-01
1.239174604415893555e+00
1.181422352790832520e+00
1.372067809104919434e+00
1.284623384475708008e+00
1.221513628959655762e+00
1.335449218750000000e+00
1.562854528427124023e+00
1.301127195358276367e+00
1.071339130401611328e+00
9.081947803497314453e-01
1.014671802520751953e+00
1.134043097496032715e+00
1.024732112884521484e+00
1.717598080635070801e+00
1.614617586135864258e+00
9.770900607109069824e-01
5.484734773635864258e-01
8.992666602134704590e-01
9.266769289970397949e-01
1.597131967544555664e+00
1.672080159187316895e+00
1.441587448120117188e+00
1.447244524955749512e+00
1.313259243965148926e+00
1.366834044456481934e+00
1.470153093338012695e+00
1.424401640892028809e+00
1.357304215431213379e+00
1.488608717918395996e+00
1.402073621749877930e+00
1.005831480026245117e+00
8.570457696914672852e-01
8.745191097259521484e-01
1.185200333595275879e+00
1.483444094657897949e+00
9.413527250289916992e-01
1.261187195777893066e+00
1.460276126861572266e+00
3.143315911293029785e-01
1.592730641365051270e+00
1.669280409812927246e+00
1.505124449729919434e+00
1.378863811492919922e+00
1.363872408866882324e+00
1.355029821395874023e+00
9.920482039451599121e-01
8.557395339012145996e-01
1.351037621498107910e+00
2.987699806690216064e-01
1.667183518409729004e+00
1.364799976348876953e+00
9.553053379058837891e-01
9.525394439697265625e-01
1.321820497512817383e+00
1.070297479629516602e+00
1.631316304206848145e+00
1.556116104125976562e+00
1.644253730773925781e+00
1.589492440223693848e+00
1.655988574028015137e+00
1.452891349792480469e+00
1.489760041236877441e+00
1.556709170341491699e+00
1.620482444763183594e+00
1.424361824989318848e+00
1.303937673568725586e+00
1.296172976493835449e+00
3.086801767349243164e-01
1.043503046035766602e+00
1.651334404945373535e+00
1.155930399894714355e+00
1.693578481674194336e+00
1.749274253845214844e+00
1.639047980308532715e+00
8.495824337005615234e-01
1.134298324584960938e+00
1.148247957229614258e+00
1.039701700210571289e+00
1.251687288284301758e+00
1.112280726432800293e+00
1.576542496681213379e+00
1.522068858146667480e+00
1.108981132507324219e+00
1.091737985610961914e+00
1.777002811431884766e+00
1.006660342216491699e+00
1.763180375099182129e+00
1.616353988647460938e+00
1.112835645675659180e+00
1.161700487136840820e+00
1.184304237365722656e+00
1.113612055778503418e+00
7.378124594688415527e-01
9.631675481796264648e-01
9.981821775436401367e-01
1.170379281044006348e+00
1.305259704589843750e+00
1.575018405914306641e+00
1.626076459884643555e+00
1.351373076438903809e+00
9.793819785118103027e-01
9.090355634689331055e-01
1.064881205558776855e+00
1.138164758682250977e+00
3.200251162052154541e-01
9.649462699890136719e-01
8.721941709518432617e-01
1.153605222702026367e+00
1.189470410346984863e+00
1.733802199363708496e+00
5.559911131858825684e-01
7.505239248275756836e-01
1.079898476600646973e+00
1.222417235374450684e+00
1.203703999519348145e+00
1.011551618576049805e+00
1.254585623741149902e+00
1.684182643890380859e+00
1.698647141456604004e+00
1.717369556427001953e+00
1.625536441802978516e+00
1.334717035293579102e+00
8.815582394599914551e-01
1.020591497421264648e+00
3.243716359138488770e-01
3.122757971286773682e-01
7.754049897193908691e-01
1.026184797286987305e+00
9.435439705848693848e-01
1.138721704483032227e+00
1.336739063262939453e+00
1.582452058792114258e+00
1.120497226715087891e+00
1.124370813369750977e+00
1.245981216430664062e+00
8.468236327171325684e-01
3.150446712970733643e-01
3.053024411201477051e-01
1.166497588157653809e+00
3.348661363124847412e-01
5.534772276878356934e-01
1.014727592468261719e+00
1.116412401199340820e+00
2.976706922054290771e-01
3.198968470096588135e-01
8.331484794616699219e-01
1.675574183464050293e+00
1.035672664642333984e+00
1.118474245071411133e+00
1.052860736846923828e+00
9.897019267082214355e-01
1.096756815910339355e+00
1.012345314025878906e+00
1.086956024169921875e+00
1.356574058532714844e+00
1.593168616294860840e+00
1.598968744277954102e+00
1.672006964683532715e+00
1.054277181625366211e+00
1.115838527679443359e+00
1.096599578857421875e+00
1.141148447990417480e+00
1.670107603073120117e+00
1.596393346786499023e+00
9.797042608261108398e-01
1.173092484474182129e+00
1.137750983238220215e+00
2.910081148147583008e-01
5.857518911361694336e-01
1.509696841239929199e+00
1.580895185470581055e+00
1.306333303451538086e+00
1.582175135612487793e+00
1.182615756988525391e+00
1.245060205459594727e+00
7.407140135765075684e-01
1.385164380073547363e+00
1.176234364509582520e+00
1.280273199081420898e+00
1.310624361038208008e+00
1.029445290565490723e+00
9.833384156227111816e-01
1.759058594703674316e+00
1.655486702919006348e+00
1.702037453651428223e+00
1.363217115402221680e+00
9.166163802146911621e-01
1.031996726989746094e+00
1.063488721847534180e+00
1.075661659240722656e+00
1.429552912712097168e+00
1.399581551551818848e+00
1.632069468498229980e+00
1.745598912239074707e+00
3.643738031387329102e-01
1.390633463859558105e+00
1.480807781219482422e+00
1.197138786315917969e+00
1.293707847595214844e+00
1.413266420364379883e+00
1.457715868949890137e+00
1.613031268119812012e+00
1.633881330490112305e+00
1.680072784423828125e+00
1.514687657356262207e+00
1.619819998741149902e+00
1.262887120246887207e+00
1.613212466239929199e+00
1.764761567115783691e+00
1.081161260604858398e+00
1.675264835357666016e+00
9.469888806343078613e-01
1.505033969879150391e+00
3.289637267589569092e-01
2.914166450500488281e-01
1.391276001930236816e+00
1.482593297958374023e+00
1.138791799545288086e+00
1.504758000373840332e+00
1.556033730506896973e+00
1.084606170654296875e+00
1.493216514587402344e+00
9.753347635269165039e-01
8.558985590934753418e-01
1.192907452583312988e+00
3.061359524726867676e-01
8.121021389961242676e-01
7.978484034538269043e-01
9.398896694183349609e-01
1.385493993759155273e+00
1.709279656410217285e+00
1.462115883827209473e+00
1.427240729331970215e+00
1.628678917884826660e+00
1.105655431747436523e+00
1.043381452560424805e+00
1.423878908157348633e+00
1.239100813865661621e+00
1.530571818351745605e+00
3.115949034690856934e-01
2.983359098434448242e-01
1.432786464691162109e+00
1.093920230865478516e+00
1.262330889701843262e+00
1.368713140487670898e+00
1.172158122062683105e+00
1.074678182601928711e+00
1.534369707107543945e+00
1.450277686119079590e+00
1.702381610870361328e+00
9.738754034042358398e-01
3.179229497909545898e-01
3.022943735122680664e-01
1.146189332008361816e+00
1.326911568641662598e+00
1.650842189788818359e+00
1.581179499626159668e+00
1.720327973365783691e+00
1.351346254348754883e+00
1.377275705337524414e+00
7.174082398414611816e-01
1.554306983947753906e+00
1.684503316879272461e+00
1.689225912094116211e+00
1.444461345672607422e+00
1.491887092590332031e+00
1.435902237892150879e+00
1.288041234016418457e+00
1.567054748535156250e+00
3.100277483463287354e-01
3.155346214771270752e-01
1.403211355209350586e+00
9.379194974899291992e-01
1.041640758514404297e+00
5.419389009475708008e-01
1.255073308944702148e+00
1.474634170532226562e+00
1.522430539131164551e+00
1.639950752258300781e+00
3.182372152805328369e-01
7.575564980506896973e-01
1.046502947807312012e+00
1.370836257934570312e+00
1.554799079895019531e+00
1.313638329505920410e+00
1.480040788650512695e+00
1.328832387924194336e+00
1.366985917091369629e+00
1.053107023239135742e+00
1.789497852325439453e+00
1.675913214683532715e+00
